2.388634e+03
2.448804e+03
2.428220e+03
2.415456e+03
2.431387e+03
2.421824e+03
2.448965e+03
2.488930e+03
2.452688e+03
2.418508e+03
2.440811e+03
2.424158e+03
2.438428e+03
2.420358e+03
2.442122e+03
2.439069e+03
2.422618e+03
2.405044e+03
2.434217e+03
2.473612e+03
2.439202e+03
2.433816e+03
2.434521e+03
2.429820e+03
2.434828e+03
2.427350e+03
2.370742e+03
2.341551e+03
2.293901e+03
2.211632e+03
2.169673e+03
1.982722e+03
1.879630e+03
1.774094e+03
1.713052e+03
1.654266e+03
1.709543e+03
1.611615e+03
1.568911e+03
1.744872e+03
1.907293e+03
2.030350e+03
