1.675462e+03
1.669226e+03
1.672746e+03
1.687903e+03
1.667296e+03
1.686324e+03
1.672492e+03
1.684607e+03
1.687971e+03
1.697277e+03
1.682942e+03
1.662246e+03
1.663852e+03
1.631567e+03
1.605517e+03
1.573269e+03
1.543187e+03
1.512389e+03
1.463908e+03
1.430978e+03
1.381054e+03
1.326268e+03
1.288279e+03
1.263321e+03
1.225569e+03
1.195920e+03
1.176376e+03
1.157263e+03
1.150228e+03
1.136852e+03
1.115212e+03
1.151269e+03
1.072095e+03
1.105093e+03
1.191445e+03
1.224310e+03
1.214305e+03
1.235794e+03
1.199328e+03
1.229938e+03
