# Temperatura_=_20.0
# Concentracion g/m^3_=_7000.0
# C_Vs_to_Am_M_A/Vsm_=_65563218390.804596
# pendiente_HvsI_1/m_=_3716.3
# ordenada_HvsI_A/m_=_1297.0
# frecuencia_Hz_=_301635.6185796344

Tiempo_(s)	Campo_(V.s)	Magnetizacion_(V.s)	Campo_(kA/m)	Magnetizacion_(A/m)
0.000000e+00	-7.911405e-06	-7.913170e-09	-5.757507e+01	-5.180665e+02
1.000000e-08	-7.907546e-06	-7.913537e-09	-5.754698e+01	-5.178695e+02
2.000000e-08	-7.901214e-06	-7.907442e-09	-5.750090e+01	-5.176629e+02
3.000000e-08	-7.892283e-06	-7.900026e-09	-5.743590e+01	-5.174603e+02
4.000000e-08	-7.880501e-06	-7.897129e-09	-5.735017e+01	-5.172622e+02
5.000000e-08	-7.865727e-06	-7.899012e-09	-5.724264e+01	-5.170569e+02
6.000000e-08	-7.848174e-06	-7.899652e-09	-5.711491e+01	-5.168247e+02
7.000000e-08	-7.828303e-06	-7.899063e-09	-5.697030e+01	-5.165442e+02
8.000000e-08	-7.806010e-06	-7.901868e-09	-5.680806e+01	-5.161995e+02
9.000000e-08	-7.780704e-06	-7.896443e-09	-5.662390e+01	-5.157850e+02
1.000000e-07	-7.752255e-06	-7.877895e-09	-5.641685e+01	-5.153073e+02
1.100000e-07	-7.720974e-06	-7.859622e-09	-5.618921e+01	-5.147836e+02
1.200000e-07	-7.686915e-06	-7.856291e-09	-5.594135e+01	-5.142365e+02
1.300000e-07	-7.650231e-06	-7.876006e-09	-5.567438e+01	-5.136875e+02
1.400000e-07	-7.611386e-06	-7.886187e-09	-5.539169e+01	-5.131514e+02
1.500000e-07	-7.570367e-06	-7.842101e-09	-5.509317e+01	-5.126319e+02
1.600000e-07	-7.526643e-06	-7.791698e-09	-5.477497e+01	-5.121213e+02
1.700000e-07	-7.480190e-06	-7.786247e-09	-5.443691e+01	-5.116031e+02
1.800000e-07	-7.431064e-06	-7.792396e-09	-5.407939e+01	-5.110568e+02
1.900000e-07	-7.378932e-06	-7.780032e-09	-5.370000e+01	-5.104641e+02
2.000000e-07	-7.323932e-06	-7.742990e-09	-5.329975e+01	-5.098132e+02
2.100000e-07	-7.266238e-06	-7.715317e-09	-5.287988e+01	-5.091016e+02
2.200000e-07	-7.205883e-06	-7.708782e-09	-5.244065e+01	-5.083356e+02
2.300000e-07	-7.142943e-06	-7.727578e-09	-5.198260e+01	-5.075270e+02
2.400000e-07	-7.077295e-06	-7.751695e-09	-5.150485e+01	-5.066889e+02
2.500000e-07	-7.009063e-06	-7.717042e-09	-5.100829e+01	-5.058305e+02
2.600000e-07	-6.938339e-06	-7.651404e-09	-5.049360e+01	-5.049545e+02
2.700000e-07	-6.864973e-06	-7.643338e-09	-4.995968e+01	-5.040558e+02
2.800000e-07	-6.788933e-06	-7.678999e-09	-4.940630e+01	-5.031242e+02
2.900000e-07	-6.710199e-06	-7.674841e-09	-4.883332e+01	-5.021471e+02
3.000000e-07	-6.628826e-06	-7.624094e-09	-4.824113e+01	-5.011146e+02
3.100000e-07	-6.545124e-06	-7.574089e-09	-4.763199e+01	-5.000225e+02
3.200000e-07	-6.459321e-06	-7.564418e-09	-4.700756e+01	-4.988744e+02
3.300000e-07	-6.371335e-06	-7.579674e-09	-4.636724e+01	-4.976801e+02
3.400000e-07	-6.281078e-06	-7.572391e-09	-4.571040e+01	-4.964533e+02
3.500000e-07	-6.188556e-06	-7.534797e-09	-4.503707e+01	-4.952072e+02
3.600000e-07	-6.093835e-06	-7.491012e-09	-4.434775e+01	-4.939504e+02
3.700000e-07	-5.996890e-06	-7.464770e-09	-4.364223e+01	-4.926847e+02
3.800000e-07	-5.897640e-06	-7.472827e-09	-4.291994e+01	-4.914043e+02
3.900000e-07	-5.796297e-06	-7.486378e-09	-4.218242e+01	-4.900983e+02
4.000000e-07	-5.692973e-06	-7.456122e-09	-4.143048e+01	-4.887532e+02
4.100000e-07	-5.587542e-06	-7.398868e-09	-4.066320e+01	-4.873578e+02
4.200000e-07	-5.480006e-06	-7.373774e-09	-3.988062e+01	-4.859054e+02
4.300000e-07	-5.370529e-06	-7.384433e-09	-3.908390e+01	-4.843954e+02
4.400000e-07	-5.259139e-06	-7.385176e-09	-3.827326e+01	-4.828325e+02
4.500000e-07	-5.145695e-06	-7.348141e-09	-3.744767e+01	-4.812235e+02
4.600000e-07	-5.030223e-06	-7.292321e-09	-3.660733e+01	-4.795745e+02
4.700000e-07	-4.912871e-06	-7.255684e-09	-3.575331e+01	-4.778876e+02
4.800000e-07	-4.793681e-06	-7.246630e-09	-3.488591e+01	-4.761596e+02
4.900000e-07	-4.672629e-06	-7.239213e-09	-3.400495e+01	-4.743823e+02
5.000000e-07	-4.549861e-06	-7.206277e-09	-3.311151e+01	-4.725458e+02
5.100000e-07	-4.425500e-06	-7.148794e-09	-3.220647e+01	-4.706414e+02
5.200000e-07	-4.299562e-06	-7.100457e-09	-3.128996e+01	-4.686653e+02
5.300000e-07	-4.172120e-06	-7.090580e-09	-3.036251e+01	-4.666207e+02
5.400000e-07	-4.043116e-06	-7.093608e-09	-2.942368e+01	-4.645170e+02
5.500000e-07	-3.912581e-06	-7.059598e-09	-2.847372e+01	-4.623678e+02
5.600000e-07	-3.780674e-06	-6.992356e-09	-2.751377e+01	-4.601858e+02
5.700000e-07	-3.647407e-06	-6.946832e-09	-2.654392e+01	-4.579787e+02
5.800000e-07	-3.512812e-06	-6.940661e-09	-2.556441e+01	-4.557455e+02
5.900000e-07	-3.376938e-06	-6.931317e-09	-2.457559e+01	-4.534758e+02
6.000000e-07	-3.239782e-06	-6.888926e-09	-2.357744e+01	-4.511514e+02
6.100000e-07	-3.101428e-06	-6.827747e-09	-2.257057e+01	-4.487511e+02
6.200000e-07	-2.961872e-06	-6.777637e-09	-2.155495e+01	-4.462566e+02
6.300000e-07	-2.821043e-06	-6.751652e-09	-2.053008e+01	-4.436573e+02
6.400000e-07	-2.678956e-06	-6.735014e-09	-1.949604e+01	-4.409537e+02
6.500000e-07	-2.535873e-06	-6.695773e-09	-1.845476e+01	-4.381573e+02
6.600000e-07	-2.391880e-06	-6.625976e-09	-1.740685e+01	-4.352866e+02
6.700000e-07	-2.246914e-06	-6.560788e-09	-1.635187e+01	-4.323611e+02
6.800000e-07	-2.101234e-06	-6.530591e-09	-1.529168e+01	-4.293949e+02
6.900000e-07	-1.954957e-06	-6.510442e-09	-1.422715e+01	-4.263905e+02
7.000000e-07	-1.807996e-06	-6.461293e-09	-1.315765e+01	-4.233373e+02
7.100000e-07	-1.660398e-06	-6.394077e-09	-1.208351e+01	-4.202126e+02
7.200000e-07	-1.512235e-06	-6.338625e-09	-1.100525e+01	-4.169876e+02
7.300000e-07	-1.363538e-06	-6.300954e-09	-9.923119e+00	-4.136344e+02
7.400000e-07	-1.214430e-06	-6.264035e-09	-8.837985e+00	-4.101332e+02
7.500000e-07	-1.064964e-06	-6.210709e-09	-7.750248e+00	-4.064773e+02
7.600000e-07	-9.151352e-07	-6.135821e-09	-6.659875e+00	-4.026737e+02
7.700000e-07	-7.649421e-07	-6.056880e-09	-5.566849e+00	-3.987390e+02
7.800000e-07	-6.144170e-07	-5.999410e-09	-4.471405e+00	-3.946917e+02
7.900000e-07	-4.636662e-07	-5.956886e-09	-3.374320e+00	-3.905437e+02
8.000000e-07	-3.127465e-07	-5.896834e-09	-2.276005e+00	-3.862926e+02
8.100000e-07	-1.616719e-07	-5.809887e-09	-1.176564e+00	-3.819178e+02
8.200000e-07	-1.051868e-08	-5.724570e-09	-7.654946e-02	-3.773831e+02
8.300000e-07	1.406337e-07	-5.661214e-09	1.023459e+00	-3.726430e+02
8.400000e-07	2.917077e-07	-5.603348e-09	2.122896e+00	-3.676537e+02
8.500000e-07	4.426265e-07	-5.526669e-09	3.221204e+00	-3.623835e+02
8.600000e-07	5.933158e-07	-5.429349e-09	4.317842e+00	-3.568211e+02
8.700000e-07	7.437790e-07	-5.328368e-09	5.412835e+00	-3.509776e+02
8.800000e-07	8.939236e-07	-5.238839e-09	6.505508e+00	-3.448822e+02
8.900000e-07	1.043701e-06	-5.158534e-09	7.595509e+00	-3.385715e+02
9.000000e-07	1.193122e-06	-5.069801e-09	8.682915e+00	-3.320761e+02
9.100000e-07	1.342114e-06	-4.957942e-09	9.767205e+00	-3.254071e+02
9.200000e-07	1.490679e-06	-4.836099e-09	1.084838e+01	-3.185475e+02
9.300000e-07	1.638775e-06	-4.728826e-09	1.192615e+01	-3.114502e+02
9.400000e-07	1.786301e-06	-4.633185e-09	1.299976e+01	-3.040434e+02
9.500000e-07	1.933197e-06	-4.522840e-09	1.406879e+01	-2.962421e+02
9.600000e-07	2.079430e-06	-4.385100e-09	1.513300e+01	-2.879593e+02
9.700000e-07	2.224976e-06	-4.235155e-09	1.619221e+01	-2.791155e+02
9.800000e-07	2.369797e-06	-4.090567e-09	1.724615e+01	-2.696389e+02
9.900000e-07	2.513766e-06	-3.948333e-09	1.829388e+01	-2.594554e+02
1.000000e-06	2.656757e-06	-3.788191e-09	1.933448e+01	-2.484696e+02
1.010000e-06	2.798665e-06	-3.596586e-09	2.036722e+01	-2.365409e+02
1.020000e-06	2.939489e-06	-3.382305e-09	2.139207e+01	-2.234609e+02
1.030000e-06	3.079232e-06	-3.157244e-09	2.240904e+01	-2.089417e+02
1.040000e-06	3.217828e-06	-2.917275e-09	2.341767e+01	-1.926220e+02
1.050000e-06	3.355200e-06	-2.641703e-09	2.441739e+01	-1.740933e+02
1.060000e-06	3.491247e-06	-2.312536e-09	2.540747e+01	-1.529489e+02
1.070000e-06	3.625957e-06	-1.932393e-09	2.638782e+01	-1.288465e+02
1.080000e-06	3.759360e-06	-1.515212e-09	2.735865e+01	-1.015761e+02
1.090000e-06	3.891440e-06	-1.061156e-09	2.831987e+01	-7.112036e+01
1.100000e-06	4.022183e-06	-5.581668e-10	2.927135e+01	-3.769393e+01
1.110000e-06	4.151518e-06	-3.841573e-12	3.021258e+01	-1.752835e+00
1.120000e-06	4.279306e-06	5.850521e-10	3.114255e+01	3.603049e+01
1.130000e-06	4.405515e-06	1.180431e-09	3.206103e+01	7.482442e+01
1.140000e-06	4.530198e-06	1.764993e-09	3.296841e+01	1.137192e+02
1.150000e-06	4.653346e-06	2.336475e-09	3.386462e+01	1.518182e+02
1.160000e-06	4.774862e-06	2.891895e-09	3.474895e+01	1.883254e+02
1.170000e-06	4.894621e-06	3.419505e-09	3.562049e+01	2.226135e+02
1.180000e-06	5.012559e-06	3.900299e-09	3.647878e+01	2.542639e+02
1.190000e-06	5.128668e-06	4.328211e-09	3.732377e+01	2.830738e+02
1.200000e-06	5.242804e-06	4.713974e-09	3.815438e+01	3.090337e+02
1.210000e-06	5.354828e-06	5.069857e-09	3.896963e+01	3.322807e+02
1.220000e-06	5.464859e-06	5.394733e-09	3.977038e+01	3.530425e+02
1.230000e-06	5.573015e-06	5.677867e-09	4.055749e+01	3.715809e+02
1.240000e-06	5.679241e-06	5.921410e-09	4.133054e+01	3.881471e+02
1.250000e-06	5.783403e-06	6.138468e-09	4.208858e+01	4.029544e+02
1.260000e-06	5.885494e-06	6.339532e-09	4.283155e+01	4.161701e+02
1.270000e-06	5.985512e-06	6.522245e-09	4.355943e+01	4.279230e+02
1.280000e-06	6.083276e-06	6.679699e-09	4.427090e+01	4.383204e+02
1.290000e-06	6.178741e-06	6.814433e-09	4.496565e+01	4.474676e+02
1.300000e-06	6.272067e-06	6.930978e-09	4.564482e+01	4.554819e+02
1.310000e-06	6.363281e-06	7.038522e-09	4.630863e+01	4.624980e+02
1.320000e-06	6.452197e-06	7.139006e-09	4.695571e+01	4.686641e+02
1.330000e-06	6.538841e-06	7.224407e-09	4.758626e+01	4.741289e+02
1.340000e-06	6.623286e-06	7.295997e-09	4.820081e+01	4.790272e+02
1.350000e-06	6.705413e-06	7.359316e-09	4.879849e+01	4.834657e+02
1.360000e-06	6.785128e-06	7.421342e-09	4.937861e+01	4.875159e+02
1.370000e-06	6.862335e-06	7.482302e-09	4.994048e+01	4.912146e+02
1.380000e-06	6.937022e-06	7.534842e-09	5.048401e+01	4.945720e+02
1.390000e-06	7.009129e-06	7.576677e-09	5.100877e+01	4.975850e+02
1.400000e-06	7.078698e-06	7.608956e-09	5.151506e+01	5.002520e+02
1.410000e-06	7.145777e-06	7.640212e-09	5.200322e+01	5.025840e+02
1.420000e-06	7.210265e-06	7.675318e-09	5.247254e+01	5.046100e+02
1.430000e-06	7.272231e-06	7.707252e-09	5.292349e+01	5.063763e+02
1.440000e-06	7.331731e-06	7.731367e-09	5.335650e+01	5.079383e+02
1.450000e-06	7.388632e-06	7.749339e-09	5.377060e+01	5.093505e+02
1.460000e-06	7.442755e-06	7.768828e-09	5.416448e+01	5.106560e+02
1.470000e-06	7.493833e-06	7.791609e-09	5.453619e+01	5.118794e+02
1.480000e-06	7.541898e-06	7.811608e-09	5.488599e+01	5.130257e+02
1.490000e-06	7.587306e-06	7.825499e-09	5.521644e+01	5.140835e+02
1.500000e-06	7.630014e-06	7.835145e-09	5.552725e+01	5.150339e+02
1.510000e-06	7.669918e-06	7.845490e-09	5.581765e+01	5.158599e+02
1.520000e-06	7.707244e-06	7.859404e-09	5.608929e+01	5.165546e+02
1.530000e-06	7.741949e-06	7.873976e-09	5.634185e+01	5.171256e+02
1.540000e-06	7.773872e-06	7.883320e-09	5.657417e+01	5.175940e+02
1.550000e-06	7.803140e-06	7.887142e-09	5.678717e+01	5.179896e+02
1.560000e-06	7.829671e-06	7.892259e-09	5.698025e+01	5.183429e+02
1.570000e-06	7.853309e-06	7.901440e-09	5.715227e+01	5.186764e+02
1.580000e-06	7.874246e-06	7.910884e-09	5.730464e+01	5.189995e+02
1.590000e-06	7.892496e-06	7.916533e-09	5.743746e+01	5.193064e+02
1.600000e-06	7.907841e-06	7.918185e-09	5.754913e+01	5.195792e+02
1.610000e-06	7.920137e-06	7.920628e-09	5.763861e+01	5.197939e+02
1.620000e-06	7.929338e-06	7.925583e-09	5.770557e+01	5.199292e+02
1.630000e-06	7.935684e-06	7.929852e-09	5.775176e+01	5.199727e+02
1.640000e-06	7.939339e-06	7.930868e-09	5.777835e+01	5.199256e+02
1.650000e-06	7.940219e-06	7.929405e-09	5.778476e+01	5.198025e+02
1.660000e-06	7.938390e-06	7.927863e-09	5.777145e+01	5.196269e+02
1.670000e-06	7.933948e-06	7.926228e-09	5.773912e+01	5.194251e+02
1.680000e-06	7.926830e-06	7.925435e-09	5.768732e+01	5.192182e+02
1.690000e-06	7.917069e-06	7.923217e-09	5.761628e+01	5.190166e+02
1.700000e-06	7.904567e-06	7.918356e-09	5.752530e+01	5.188177e+02
1.710000e-06	7.889355e-06	7.909827e-09	5.741460e+01	5.186072e+02
1.720000e-06	7.871745e-06	7.898944e-09	5.728644e+01	5.183643e+02
1.730000e-06	7.851782e-06	7.884374e-09	5.714116e+01	5.180684e+02
1.740000e-06	7.828867e-06	7.873353e-09	5.697440e+01	5.177057e+02
1.750000e-06	7.802360e-06	7.876627e-09	5.678149e+01	5.172737e+02
1.760000e-06	7.772343e-06	7.886613e-09	5.656305e+01	5.167821e+02
1.770000e-06	7.739582e-06	7.882979e-09	5.632463e+01	5.162498e+02
1.780000e-06	7.704634e-06	7.850760e-09	5.607030e+01	5.156998e+02
1.790000e-06	7.667346e-06	7.822467e-09	5.579893e+01	5.151526e+02
1.800000e-06	7.627840e-06	7.824989e-09	5.551143e+01	5.146202e+02
1.810000e-06	7.586113e-06	7.827308e-09	5.520776e+01	5.141035e+02
1.820000e-06	7.541811e-06	7.846755e-09	5.488536e+01	5.135922e+02
1.830000e-06	7.494813e-06	7.821337e-09	5.454332e+01	5.130684e+02
1.840000e-06	7.444943e-06	7.796877e-09	5.418040e+01	5.125115e+02
1.850000e-06	7.392168e-06	7.818663e-09	5.379633e+01	5.119044e+02
1.860000e-06	7.336528e-06	7.813813e-09	5.339141e+01	5.112377e+02
1.870000e-06	7.278221e-06	7.831854e-09	5.296708e+01	5.105110e+02
1.880000e-06	7.217429e-06	7.798561e-09	5.252467e+01	5.097326e+02
1.890000e-06	7.153850e-06	7.724701e-09	5.206198e+01	5.089150e+02
1.900000e-06	7.087555e-06	7.721441e-09	5.157952e+01	5.080707e+02
1.910000e-06	7.018645e-06	7.762347e-09	5.107803e+01	5.072074e+02
1.920000e-06	6.947069e-06	7.772097e-09	5.055713e+01	5.063258e+02
1.930000e-06	6.872947e-06	7.708072e-09	5.001771e+01	5.054195e+02
1.940000e-06	6.796096e-06	7.651909e-09	4.945843e+01	5.044771e+02
1.950000e-06	6.716589e-06	7.656896e-09	4.887982e+01	5.034864e+02
1.960000e-06	6.634721e-06	7.686005e-09	4.828403e+01	5.024385e+02
1.970000e-06	6.550492e-06	7.693533e-09	4.767106e+01	5.013313e+02
1.980000e-06	6.463812e-06	7.646770e-09	4.704024e+01	5.001699e+02
1.990000e-06	6.374851e-06	7.591098e-09	4.639283e+01	4.989657e+02
2.000000e-06	6.283724e-06	7.567571e-09	4.572966e+01	4.977324e+02
2.010000e-06	6.190302e-06	7.594558e-09	4.504978e+01	4.964825e+02
2.020000e-06	6.094662e-06	7.617413e-09	4.435376e+01	4.952230e+02
2.030000e-06	5.996957e-06	7.561356e-09	4.364271e+01	4.939539e+02
2.040000e-06	5.897176e-06	7.478175e-09	4.291656e+01	4.926678e+02
2.050000e-06	5.795160e-06	7.451671e-09	4.217414e+01	4.913527e+02
2.060000e-06	5.690997e-06	7.481821e-09	4.141610e+01	4.899955e+02
2.070000e-06	5.584914e-06	7.490796e-09	4.064408e+01	4.885856e+02
2.080000e-06	5.476854e-06	7.441274e-09	3.985768e+01	4.871181e+02
2.090000e-06	5.366770e-06	7.369822e-09	3.905655e+01	4.855938e+02
2.100000e-06	5.254698e-06	7.338878e-09	3.824095e+01	4.840181e+02
2.110000e-06	5.140653e-06	7.357139e-09	3.741098e+01	4.823981e+02
2.120000e-06	5.024536e-06	7.368063e-09	3.656594e+01	4.807391e+02
2.130000e-06	4.906423e-06	7.327894e-09	3.570638e+01	4.790419e+02
2.140000e-06	4.786433e-06	7.252497e-09	3.483316e+01	4.773019e+02
2.150000e-06	4.664685e-06	7.209315e-09	3.394713e+01	4.755103e+02
2.160000e-06	4.541331e-06	7.224000e-09	3.304943e+01	4.736569e+02
2.170000e-06	4.416351e-06	7.243493e-09	3.213990e+01	4.717342e+02
2.180000e-06	4.289800e-06	7.202716e-09	3.121892e+01	4.697398e+02
2.190000e-06	4.161771e-06	7.117816e-09	3.028720e+01	4.676788e+02
2.200000e-06	4.032285e-06	7.065599e-09	2.934486e+01	4.655619e+02
2.210000e-06	3.901392e-06	7.071532e-09	2.839229e+01	4.634028e+02
2.220000e-06	3.769031e-06	7.074368e-09	2.742904e+01	4.612136e+02
2.230000e-06	3.635239e-06	7.024434e-09	2.645537e+01	4.589999e+02
2.240000e-06	3.500224e-06	6.943206e-09	2.547280e+01	4.567584e+02
2.250000e-06	3.364024e-06	6.887668e-09	2.448160e+01	4.544763e+02
2.260000e-06	3.226571e-06	6.879498e-09	2.348130e+01	4.521344e+02
2.270000e-06	3.087802e-06	6.884167e-09	2.247141e+01	4.497116e+02
2.280000e-06	2.947799e-06	6.847922e-09	2.145254e+01	4.471909e+02
2.290000e-06	2.806679e-06	6.765108e-09	2.042554e+01	4.445645e+02
2.300000e-06	2.664566e-06	6.696420e-09	1.939132e+01	4.418357e+02
2.310000e-06	2.521438e-06	6.683417e-09	1.834971e+01	4.390183e+02
2.320000e-06	2.377428e-06	6.683824e-09	1.730167e+01	4.361316e+02
2.330000e-06	2.232600e-06	6.635527e-09	1.624769e+01	4.331945e+02
2.340000e-06	2.086992e-06	6.550167e-09	1.518804e+01	4.302184e+02
2.350000e-06	1.940735e-06	6.482833e-09	1.412365e+01	4.272028e+02
2.360000e-06	1.793809e-06	6.456371e-09	1.305441e+01	4.241336e+02
2.370000e-06	1.646164e-06	6.438074e-09	1.197992e+01	4.209862e+02
2.380000e-06	1.497873e-06	6.389396e-09	1.090074e+01	4.177310e+02
2.390000e-06	1.349074e-06	6.307721e-09	9.817857e+00	4.143416e+02
2.400000e-06	1.199772e-06	6.226602e-09	8.731316e+00	4.108012e+02
2.410000e-06	1.050028e-06	6.183148e-09	7.641552e+00	4.071068e+02
2.420000e-06	8.999201e-07	6.164168e-09	6.549148e+00	4.032681e+02
2.430000e-06	7.495517e-07	6.114079e-09	5.454845e+00	3.993031e+02
2.440000e-06	5.989020e-07	6.020772e-09	4.358496e+00	3.952294e+02
2.450000e-06	4.479994e-07	5.933869e-09	3.260305e+00	3.910560e+02
2.460000e-06	2.969129e-07	5.886305e-09	2.160777e+00	3.867760e+02
2.470000e-06	1.456354e-07	5.850304e-09	1.059858e+00	3.823646e+02
2.480000e-06	-5.676562e-09	5.785053e-09	-4.131105e-02	3.777824e+02
2.490000e-06	-1.568452e-07	5.688799e-09	-1.141437e+00	3.729833e+02
2.500000e-06	-3.079540e-07	5.588764e-09	-2.241128e+00	3.679255e+02
2.510000e-06	-4.590703e-07	5.513557e-09	-3.340874e+00	3.625819e+02
2.520000e-06	-6.099837e-07	5.454648e-09	-4.439142e+00	3.569468e+02
2.530000e-06	-7.605117e-07	5.373743e-09	-5.534606e+00	3.510365e+02
2.540000e-06	-9.106723e-07	5.256864e-09	-6.627396e+00	3.448833e+02
2.550000e-06	-1.060483e-06	5.136130e-09	-7.717644e+00	3.385236e+02
2.560000e-06	-1.209926e-06	5.046892e-09	-8.805211e+00	3.319842e+02
2.570000e-06	-1.358982e-06	4.972619e-09	-9.889962e+00	3.252699e+02
2.580000e-06	-1.507556e-06	4.875080e-09	-1.097120e+01	3.183558e+02
2.590000e-06	-1.655538e-06	4.743909e-09	-1.204814e+01	3.111880e+02
2.600000e-06	-1.802925e-06	4.604213e-09	-1.312074e+01	3.036903e+02
2.610000e-06	-1.949599e-06	4.485463e-09	-1.418816e+01	2.957760e+02
2.620000e-06	-2.095452e-06	4.381664e-09	-1.524960e+01	2.873595e+02
2.630000e-06	-2.240538e-06	4.259737e-09	-1.630547e+01	2.783636e+02
2.640000e-06	-2.384904e-06	4.102149e-09	-1.735608e+01	2.687171e+02
2.650000e-06	-2.528484e-06	3.926997e-09	-1.840098e+01	2.583427e+02
2.660000e-06	-2.671108e-06	3.760957e-09	-1.943893e+01	2.471362e+02
2.670000e-06	-2.812718e-06	3.597174e-09	-2.046949e+01	2.349417e+02
2.680000e-06	-2.953292e-06	3.402583e-09	-2.149251e+01	2.215314e+02
2.690000e-06	-3.092656e-06	3.160831e-09	-2.250674e+01	2.065980e+02
2.700000e-06	-3.230719e-06	2.884929e-09	-2.351148e+01	1.897646e+02
2.710000e-06	-3.367586e-06	2.593058e-09	-2.450753e+01	1.706182e+02
2.720000e-06	-3.503291e-06	2.277731e-09	-2.549512e+01	1.487619e+02
2.730000e-06	-3.637753e-06	1.912337e-09	-2.647366e+01	1.238800e+02
2.740000e-06	-3.770899e-06	1.480648e-09	-2.744263e+01	9.580575e+01
2.750000e-06	-3.902656e-06	9.934567e-10	-2.840149e+01	6.457716e+01
2.760000e-06	-4.033040e-06	4.745026e-10	-2.935035e+01	3.046963e+01
2.770000e-06	-4.162032e-06	-6.752091e-11	-3.028909e+01	-6.003026e+00
2.780000e-06	-4.289602e-06	-6.414012e-10	-3.121748e+01	-4.412208e+01
2.790000e-06	-4.415709e-06	-1.245914e-09	-3.213522e+01	-8.302811e+01
2.800000e-06	-4.540160e-06	-1.855118e-09	-3.304091e+01	-1.218060e+02
2.810000e-06	-4.662939e-06	-2.436502e-09	-3.393443e+01	-1.595766e+02
2.820000e-06	-4.784087e-06	-2.977212e-09	-3.481608e+01	-1.955807e+02
2.830000e-06	-4.903454e-06	-3.481666e-09	-3.568477e+01	-2.292406e+02
2.840000e-06	-5.020904e-06	-3.957017e-09	-3.653952e+01	-2.601922e+02
2.850000e-06	-5.136287e-06	-4.399224e-09	-3.737921e+01	-2.882845e+02
2.860000e-06	-5.249560e-06	-4.792307e-09	-3.820355e+01	-3.135492e+02
2.870000e-06	-5.360796e-06	-5.132316e-09	-3.901307e+01	-3.361520e+02
2.880000e-06	-5.470034e-06	-5.435455e-09	-3.980805e+01	-3.563337e+02
2.890000e-06	-5.577408e-06	-5.717131e-09	-4.058946e+01	-3.743572e+02
2.900000e-06	-5.682927e-06	-5.975615e-09	-4.135737e+01	-3.904659e+02
2.910000e-06	-5.786454e-06	-6.200712e-09	-4.211078e+01	-4.048619e+02
2.920000e-06	-5.887832e-06	-6.389852e-09	-4.284856e+01	-4.177016e+02
2.930000e-06	-5.987040e-06	-6.554723e-09	-4.357054e+01	-4.291064e+02
2.940000e-06	-6.084194e-06	-6.709629e-09	-4.427758e+01	-4.391817e+02
2.950000e-06	-6.179259e-06	-6.854271e-09	-4.496941e+01	-4.480346e+02
2.960000e-06	-6.272056e-06	-6.977104e-09	-4.564475e+01	-4.557865e+02
2.970000e-06	-6.362595e-06	-7.074484e-09	-4.630364e+01	-4.625766e+02
2.980000e-06	-6.450949e-06	-7.156948e-09	-4.694663e+01	-4.685542e+02
2.990000e-06	-6.537033e-06	-7.238446e-09	-4.757311e+01	-4.738662e+02
3.000000e-06	-6.620744e-06	-7.319525e-09	-4.818231e+01	-4.786414e+02
3.010000e-06	-6.702103e-06	-7.392799e-09	-4.877440e+01	-4.829781e+02
3.020000e-06	-6.781064e-06	-7.452166e-09	-4.934903e+01	-4.869387e+02
3.030000e-06	-6.857375e-06	-7.502226e-09	-4.990438e+01	-4.905524e+02
3.040000e-06	-6.931094e-06	-7.552903e-09	-5.044088e+01	-4.938247e+02
3.050000e-06	-7.002318e-06	-7.604183e-09	-5.095921e+01	-4.967516e+02
3.060000e-06	-7.070944e-06	-7.647817e-09	-5.145863e+01	-4.993337e+02
3.070000e-06	-7.137101e-06	-7.676879e-09	-5.194008e+01	-5.015862e+02
3.080000e-06	-7.200808e-06	-7.699973e-09	-5.240371e+01	-5.035431e+02
3.090000e-06	-7.261869e-06	-7.725978e-09	-5.284808e+01	-5.052534e+02
3.100000e-06	-7.320300e-06	-7.755967e-09	-5.327332e+01	-5.067737e+02
3.110000e-06	-7.376223e-06	-7.783732e-09	-5.368029e+01	-5.081563e+02
3.120000e-06	-7.429365e-06	-7.802851e-09	-5.406703e+01	-5.094404e+02
3.130000e-06	-7.479419e-06	-7.817604e-09	-5.443130e+01	-5.106454e+02
3.140000e-06	-7.526459e-06	-7.833035e-09	-5.477363e+01	-5.117715e+02
3.150000e-06	-7.570844e-06	-7.850764e-09	-5.509664e+01	-5.128049e+02
3.160000e-06	-7.612836e-06	-7.865659e-09	-5.540223e+01	-5.137261e+02
3.170000e-06	-7.652269e-06	-7.873514e-09	-5.568921e+01	-5.145199e+02
3.180000e-06	-7.688968e-06	-7.877264e-09	-5.595629e+01	-5.151829e+02
3.190000e-06	-7.723014e-06	-7.882898e-09	-5.620406e+01	-5.157263e+02
3.200000e-06	-7.754347e-06	-7.892404e-09	-5.643208e+01	-5.161742e+02
3.210000e-06	-7.782862e-06	-7.901334e-09	-5.663960e+01	-5.165571e+02
3.220000e-06	-7.808666e-06	-7.906849e-09	-5.682739e+01	-5.169043e+02
3.230000e-06	-7.831701e-06	-7.909663e-09	-5.699502e+01	-5.172355e+02
3.240000e-06	-7.851885e-06	-7.912872e-09	-5.714191e+01	-5.175562e+02
3.250000e-06	-7.869350e-06	-7.917014e-09	-5.726901e+01	-5.178571e+02
3.260000e-06	-7.883924e-06	-7.919633e-09	-5.737507e+01	-5.181182e+02
3.270000e-06	-7.895377e-06	-7.919042e-09	-5.745842e+01	-5.183154e+02
3.280000e-06	-7.903977e-06	-7.915252e-09	-5.752101e+01	-5.184289e+02
3.290000e-06	-7.909792e-06	-7.910985e-09	-5.756333e+01	-5.184496e+02
3.300000e-06	-7.912847e-06	-7.909467e-09	-5.758556e+01	-5.183823e+02
3.310000e-06	-7.913211e-06	-7.910679e-09	-5.758821e+01	-5.182441e+02
