# Temperatura_=_20.0
# Concentracion g/m^3_=_8460.0
# C_Vs_to_Am_M_A/Vsm_=_65563218390.804596
# pendiente_HvsI_1/m_=_3716.3
# ordenada_HvsI_A/m_=_1297.0
# frecuencia_Hz_=_301426.64462073724

Tiempo_(s)	Campo_(V.s)	Magnetizacion_(V.s)	Campo_(kA/m)	Magnetizacion_(A/m)
0.000000e+00	-8.078714e-06	-8.899870e-09	-5.767115e+01	-5.819597e+02
1.000000e-08	-8.076286e-06	-8.903374e-09	-5.765383e+01	-5.817983e+02
2.000000e-08	-8.071193e-06	-8.893329e-09	-5.761747e+01	-5.815816e+02
3.000000e-08	-8.063610e-06	-8.887311e-09	-5.756333e+01	-5.813236e+02
4.000000e-08	-8.053197e-06	-8.886462e-09	-5.748900e+01	-5.810392e+02
5.000000e-08	-8.039802e-06	-8.883461e-09	-5.739338e+01	-5.807429e+02
6.000000e-08	-8.023540e-06	-8.871201e-09	-5.727729e+01	-5.804466e+02
7.000000e-08	-8.004659e-06	-8.832889e-09	-5.714250e+01	-5.801580e+02
8.000000e-08	-7.983322e-06	-8.849442e-09	-5.699019e+01	-5.798791e+02
9.000000e-08	-7.959067e-06	-8.947699e-09	-5.681704e+01	-5.796052e+02
1.000000e-07	-7.931610e-06	-8.922936e-09	-5.662103e+01	-5.793239e+02
1.100000e-07	-7.901170e-06	-8.861785e-09	-5.640373e+01	-5.790162e+02
1.200000e-07	-7.867836e-06	-8.863603e-09	-5.616577e+01	-5.786581e+02
1.300000e-07	-7.831775e-06	-8.872249e-09	-5.590834e+01	-5.782245e+02
1.400000e-07	-7.793562e-06	-8.780603e-09	-5.563556e+01	-5.776940e+02
1.500000e-07	-7.753202e-06	-8.812027e-09	-5.534744e+01	-5.770544e+02
1.600000e-07	-7.710002e-06	-8.905485e-09	-5.503905e+01	-5.763061e+02
1.700000e-07	-7.663986e-06	-8.658977e-09	-5.471055e+01	-5.754646e+02
1.800000e-07	-7.615229e-06	-8.752946e-09	-5.436250e+01	-5.745591e+02
1.900000e-07	-7.563336e-06	-8.783141e-09	-5.399205e+01	-5.736274e+02
2.000000e-07	-7.508494e-06	-8.668392e-09	-5.360055e+01	-5.727095e+02
2.100000e-07	-7.450894e-06	-8.704572e-09	-5.318937e+01	-5.718387e+02
2.200000e-07	-7.390643e-06	-8.639269e-09	-5.275925e+01	-5.710341e+02
2.300000e-07	-7.327796e-06	-8.698641e-09	-5.231061e+01	-5.702966e+02
2.400000e-07	-7.262145e-06	-8.665270e-09	-5.184195e+01	-5.696079e+02
2.500000e-07	-7.193852e-06	-8.677647e-09	-5.135443e+01	-5.689347e+02
2.600000e-07	-7.122971e-06	-8.650928e-09	-5.084844e+01	-5.682364e+02
2.700000e-07	-7.049299e-06	-8.603808e-09	-5.032252e+01	-5.674745e+02
2.800000e-07	-6.972869e-06	-8.617695e-09	-4.977691e+01	-5.666215e+02
2.900000e-07	-6.893704e-06	-8.599406e-09	-4.921178e+01	-5.656666e+02
3.000000e-07	-6.811950e-06	-8.639260e-09	-4.862816e+01	-5.646176e+02
3.100000e-07	-6.727927e-06	-8.551757e-09	-4.802836e+01	-5.634972e+02
3.200000e-07	-6.641758e-06	-8.501693e-09	-4.741322e+01	-5.623360e+02
3.300000e-07	-6.553282e-06	-8.540613e-09	-4.678162e+01	-5.611635e+02
3.400000e-07	-6.462397e-06	-8.540412e-09	-4.613282e+01	-5.599993e+02
3.500000e-07	-6.369241e-06	-8.517226e-09	-4.546782e+01	-5.588483e+02
3.600000e-07	-6.273838e-06	-8.470668e-09	-4.478677e+01	-5.576994e+02
3.700000e-07	-6.176074e-06	-8.452211e-09	-4.408886e+01	-5.565298e+02
3.800000e-07	-6.076011e-06	-8.426242e-09	-4.337455e+01	-5.553115e+02
3.900000e-07	-5.973819e-06	-8.434925e-09	-4.264504e+01	-5.540206e+02
4.000000e-07	-5.869517e-06	-8.432993e-09	-4.190046e+01	-5.526440e+02
4.100000e-07	-5.763036e-06	-8.391583e-09	-4.114033e+01	-5.511834e+02
4.200000e-07	-5.654445e-06	-8.340797e-09	-4.036513e+01	-5.496544e+02
4.300000e-07	-5.543921e-06	-8.323937e-09	-3.957614e+01	-5.480815e+02
4.400000e-07	-5.431342e-06	-8.346235e-09	-3.877248e+01	-5.464900e+02
4.500000e-07	-5.316506e-06	-8.332463e-09	-3.795271e+01	-5.448979e+02
4.600000e-07	-5.199652e-06	-8.271392e-09	-3.711853e+01	-5.433101e+02
4.700000e-07	-5.080956e-06	-8.220688e-09	-3.627120e+01	-5.417160e+02
4.800000e-07	-4.960356e-06	-8.210181e-09	-3.541027e+01	-5.400931e+02
4.900000e-07	-4.837915e-06	-8.204841e-09	-3.453621e+01	-5.384132e+02
5.000000e-07	-4.713752e-06	-8.177562e-09	-3.364986e+01	-5.366512e+02
5.100000e-07	-4.587947e-06	-8.134054e-09	-3.275178e+01	-5.347932e+02
5.200000e-07	-4.460518e-06	-8.082019e-09	-3.184210e+01	-5.328413e+02
5.300000e-07	-4.331386e-06	-8.045250e-09	-3.092027e+01	-5.308127e+02
5.400000e-07	-4.200607e-06	-8.048194e-09	-2.998669e+01	-5.287353e+02
5.500000e-07	-4.068366e-06	-8.044941e-09	-2.904266e+01	-5.266385e+02
5.600000e-07	-3.934743e-06	-7.994386e-09	-2.808877e+01	-5.245437e+02
5.700000e-07	-3.799694e-06	-7.925599e-09	-2.712471e+01	-5.224570e+02
5.800000e-07	-3.663165e-06	-7.901115e-09	-2.615007e+01	-5.203657e+02
5.900000e-07	-3.525271e-06	-7.902388e-09	-2.516570e+01	-5.182407e+02
6.000000e-07	-3.386132e-06	-7.879189e-09	-2.417243e+01	-5.160437e+02
6.100000e-07	-3.245635e-06	-7.824711e-09	-2.316947e+01	-5.137379e+02
6.200000e-07	-3.103746e-06	-7.767820e-09	-2.215657e+01	-5.112981e+02
6.300000e-07	-2.960549e-06	-7.728621e-09	-2.113434e+01	-5.087176e+02
6.400000e-07	-2.816217e-06	-7.702535e-09	-2.010401e+01	-5.060101e+02
6.500000e-07	-2.670979e-06	-7.679622e-09	-1.906720e+01	-5.032052e+02
6.600000e-07	-2.524842e-06	-7.626133e-09	-1.802398e+01	-5.003391e+02
6.700000e-07	-2.377839e-06	-7.553878e-09	-1.697457e+01	-4.974431e+02
6.800000e-07	-2.230050e-06	-7.503619e-09	-1.591956e+01	-4.945333e+02
6.900000e-07	-2.081461e-06	-7.484813e-09	-1.485883e+01	-4.916044e+02
7.000000e-07	-1.932199e-06	-7.455443e-09	-1.379330e+01	-4.886306e+02
7.100000e-07	-1.782324e-06	-7.394894e-09	-1.272340e+01	-4.855719e+02
7.200000e-07	-1.631832e-06	-7.326582e-09	-1.164909e+01	-4.823853e+02
7.300000e-07	-1.480738e-06	-7.272486e-09	-1.057048e+01	-4.790373e+02
7.400000e-07	-1.329043e-06	-7.235949e-09	-9.487582e+00	-4.755128e+02
7.500000e-07	-1.176859e-06	-7.196317e-09	-8.401190e+00	-4.718190e+02
7.600000e-07	-1.024290e-06	-7.136917e-09	-7.312053e+00	-4.679816e+02
7.700000e-07	-8.713382e-07	-7.055142e-09	-6.220183e+00	-4.640344e+02
7.800000e-07	-7.179749e-07	-6.986391e-09	-5.125375e+00	-4.600063e+02
7.900000e-07	-5.643097e-07	-6.942336e-09	-4.028412e+00	-4.559071e+02
8.000000e-07	-4.104723e-07	-6.895065e-09	-2.930220e+00	-4.517200e+02
8.100000e-07	-2.564905e-07	-6.820270e-09	-1.830997e+00	-4.474004e+02
8.200000e-07	-1.023968e-07	-6.727669e-09	-7.309755e-01	-4.428838e+02
8.300000e-07	5.171160e-08	-6.646024e-09	3.691513e-01	-4.381006e+02
8.400000e-07	2.058186e-07	-6.580816e-09	1.469268e+00	-4.329927e+02
8.500000e-07	3.599017e-07	-6.515079e-09	2.569215e+00	-4.275291e+02
8.600000e-07	5.138261e-07	-6.425140e-09	3.668028e+00	-4.217134e+02
8.700000e-07	6.675066e-07	-6.317939e-09	4.765100e+00	-4.155816e+02
8.800000e-07	8.208932e-07	-6.212937e-09	5.860074e+00	-4.091908e+02
8.900000e-07	9.739462e-07	-6.127555e-09	6.952666e+00	-4.025997e+02
9.000000e-07	1.126589e-06	-6.044011e-09	8.042332e+00	-3.958478e+02
9.100000e-07	1.278757e-06	-5.932085e-09	9.128606e+00	-3.889382e+02
9.200000e-07	1.430461e-06	-5.800900e-09	1.021157e+01	-3.818299e+02
9.300000e-07	1.581680e-06	-5.676295e-09	1.129107e+01	-3.744400e+02
9.400000e-07	1.732343e-06	-5.570279e-09	1.236660e+01	-3.666577e+02
9.500000e-07	1.882282e-06	-5.460356e-09	1.343696e+01	-3.583625e+02
9.600000e-07	2.031468e-06	-5.325433e-09	1.450195e+01	-3.494417e+02
9.700000e-07	2.179942e-06	-5.165086e-09	1.556185e+01	-3.397997e+02
9.800000e-07	2.327697e-06	-4.998428e-09	1.661663e+01	-3.293530e+02
9.900000e-07	2.474782e-06	-4.836315e-09	1.766662e+01	-3.180106e+02
1.000000e-06	2.621059e-06	-4.662242e-09	1.871084e+01	-3.056425e+02
1.010000e-06	2.766341e-06	-4.453839e-09	1.974795e+01	-2.920437e+02
1.020000e-06	2.910606e-06	-4.204973e-09	2.077782e+01	-2.769065e+02
1.030000e-06	3.053772e-06	-3.932035e-09	2.179983e+01	-2.598098e+02
1.040000e-06	3.195725e-06	-3.637549e-09	2.281318e+01	-2.402365e+02
1.050000e-06	3.336474e-06	-3.303665e-09	2.381794e+01	-2.176202e+02
1.060000e-06	3.476035e-06	-2.905584e-09	2.481422e+01	-1.914196e+02
1.070000e-06	3.614273e-06	-2.435300e-09	2.580105e+01	-1.612087e+02
1.080000e-06	3.751049e-06	-1.904292e-09	2.677744e+01	-1.267680e+02
1.090000e-06	3.886415e-06	-1.321652e-09	2.774378e+01	-8.815934e+01
1.100000e-06	4.020389e-06	-6.864365e-10	2.870017e+01	-4.576773e+01
1.110000e-06	4.152900e-06	1.103067e-11	2.964612e+01	-2.996472e-01
1.120000e-06	4.283963e-06	7.522533e-10	3.058174e+01	4.726488e+01
1.130000e-06	4.413508e-06	1.505675e-09	3.150651e+01	9.576087e+01
1.140000e-06	4.541476e-06	2.236708e-09	3.242003e+01	1.439539e+02
1.150000e-06	4.667877e-06	2.934164e-09	3.332236e+01	1.906640e+02
1.160000e-06	4.792604e-06	3.598410e-09	3.421275e+01	2.348779e+02
1.170000e-06	4.915648e-06	4.221637e-09	3.509112e+01	2.758318e+02
1.180000e-06	5.036924e-06	4.789613e-09	3.595687e+01	3.130546e+02
1.190000e-06	5.156348e-06	5.287909e-09	3.680939e+01	3.463671e+02
1.200000e-06	5.273859e-06	5.724561e-09	3.764827e+01	3.758427e+02
1.210000e-06	5.389394e-06	6.113970e-09	3.847303e+01	4.017412e+02
1.220000e-06	5.502871e-06	6.467449e-09	3.928310e+01	4.244306e+02
1.230000e-06	5.614262e-06	6.778473e-09	4.007828e+01	4.443128e+02
1.240000e-06	5.723690e-06	7.040905e-09	4.085945e+01	4.617657e+02
1.250000e-06	5.831148e-06	7.263963e-09	4.162656e+01	4.771078e+02
1.260000e-06	5.936423e-06	7.460579e-09	4.237808e+01	4.905881e+02
1.270000e-06	6.039502e-06	7.638785e-09	4.311392e+01	5.023961e+02
1.280000e-06	6.140507e-06	7.798773e-09	4.383497e+01	5.126830e+02
1.290000e-06	6.239306e-06	7.932276e-09	4.454026e+01	5.215866e+02
1.300000e-06	6.335772e-06	8.040956e-09	4.522889e+01	5.292502e+02
1.310000e-06	6.429940e-06	8.135440e-09	4.590113e+01	5.358313e+02
1.320000e-06	6.521897e-06	8.224251e-09	4.655758e+01	5.414989e+02
1.330000e-06	6.611581e-06	8.305657e-09	4.719780e+01	5.464220e+02
1.340000e-06	6.698942e-06	8.373726e-09	4.782144e+01	5.507536e+02
1.350000e-06	6.784024e-06	8.428361e-09	4.842881e+01	5.546165e+02
1.360000e-06	6.866808e-06	8.475584e-09	4.901978e+01	5.580951e+02
1.370000e-06	6.947121e-06	8.521564e-09	4.959310e+01	5.612353e+02
1.380000e-06	7.024881e-06	8.566518e-09	5.014821e+01	5.640533e+02
1.390000e-06	7.099999e-06	8.603121e-09	5.068444e+01	5.665484e+02
1.400000e-06	7.172385e-06	8.629644e-09	5.120118e+01	5.687191e+02
1.410000e-06	7.242252e-06	8.653157e-09	5.169995e+01	5.705750e+02
1.420000e-06	7.309621e-06	8.680688e-09	5.218086e+01	5.721433e+02
1.430000e-06	7.374295e-06	8.708422e-09	5.264255e+01	5.734687e+02
1.440000e-06	7.436366e-06	8.727232e-09	5.308565e+01	5.746067e+02
1.450000e-06	7.495920e-06	8.739260e-09	5.351079e+01	5.756134e+02
1.460000e-06	7.552787e-06	8.749331e-09	5.391674e+01	5.765353e+02
1.470000e-06	7.606903e-06	8.761355e-09	5.430306e+01	5.774015e+02
1.480000e-06	7.658011e-06	8.775556e-09	5.466790e+01	5.782211e+02
1.490000e-06	7.706006e-06	8.789083e-09	5.501053e+01	5.789858e+02
1.500000e-06	7.751264e-06	8.798724e-09	5.533360e+01	5.796768e+02
1.510000e-06	7.793797e-06	8.805088e-09	5.563723e+01	5.802735e+02
1.520000e-06	7.833502e-06	8.814330e-09	5.592068e+01	5.807621e+02
1.530000e-06	7.870551e-06	8.825233e-09	5.618515e+01	5.811412e+02
1.540000e-06	7.904847e-06	8.832376e-09	5.642998e+01	5.814231e+02
1.550000e-06	7.936286e-06	8.833857e-09	5.665441e+01	5.816312e+02
1.560000e-06	7.965086e-06	8.834337e-09	5.686001e+01	5.817944e+02
1.570000e-06	7.991089e-06	8.837811e-09	5.704563e+01	5.819402e+02
1.580000e-06	8.014123e-06	8.843529e-09	5.721006e+01	5.820884e+02
1.590000e-06	8.034430e-06	8.849215e-09	5.735503e+01	5.822477e+02
1.600000e-06	8.051953e-06	8.851253e-09	5.748012e+01	5.824149e+02
1.610000e-06	8.066508e-06	8.852009e-09	5.758402e+01	5.825769e+02
1.620000e-06	8.077997e-06	8.856433e-09	5.766604e+01	5.827148e+02
1.630000e-06	8.086388e-06	8.862219e-09	5.772594e+01	5.828094e+02
1.640000e-06	8.091909e-06	8.865309e-09	5.776535e+01	5.828447e+02
1.650000e-06	8.094628e-06	8.865082e-09	5.778476e+01	5.828116e+02
1.660000e-06	8.094491e-06	8.863127e-09	5.778378e+01	5.827083e+02
1.670000e-06	8.091727e-06	8.853454e-09	5.776405e+01	5.825403e+02
1.680000e-06	8.086261e-06	8.855786e-09	5.772503e+01	5.823183e+02
1.690000e-06	8.078060e-06	8.857809e-09	5.766649e+01	5.820566e+02
1.700000e-06	8.067250e-06	8.854816e-09	5.758932e+01	5.817701e+02
1.710000e-06	8.053551e-06	8.855855e-09	5.749153e+01	5.814732e+02
1.720000e-06	8.037152e-06	8.873379e-09	5.737446e+01	5.811773e+02
1.730000e-06	8.018402e-06	8.888608e-09	5.724061e+01	5.808896e+02
1.740000e-06	7.996913e-06	8.759447e-09	5.708720e+01	5.806115e+02
1.750000e-06	7.971898e-06	8.748606e-09	5.690863e+01	5.803373e+02
1.760000e-06	7.943192e-06	8.803354e-09	5.670371e+01	5.800542e+02
1.770000e-06	7.911401e-06	8.784456e-09	5.647676e+01	5.797421e+02
1.780000e-06	7.877235e-06	8.781863e-09	5.623287e+01	5.793769e+02
1.790000e-06	7.840957e-06	8.893070e-09	5.597389e+01	5.789337e+02
1.800000e-06	7.802436e-06	8.770043e-09	5.569890e+01	5.783918e+02
1.810000e-06	7.761415e-06	8.716600e-09	5.540607e+01	5.777401e+02
1.820000e-06	7.717756e-06	8.908777e-09	5.509440e+01	5.769807e+02
1.830000e-06	7.671489e-06	8.730366e-09	5.476411e+01	5.761307e+02
1.840000e-06	7.622333e-06	8.820356e-09	5.441321e+01	5.752202e+02
1.850000e-06	7.570228e-06	8.770837e-09	5.404125e+01	5.742881e+02
1.860000e-06	7.515128e-06	8.717750e-09	5.364791e+01	5.733737e+02
1.870000e-06	7.457172e-06	8.844697e-09	5.323418e+01	5.725092e+02
1.880000e-06	7.396769e-06	8.702032e-09	5.280299e+01	5.717120e+02
1.890000e-06	7.333569e-06	8.796109e-09	5.235182e+01	5.709807e+02
1.900000e-06	7.267495e-06	8.667812e-09	5.188014e+01	5.702954e+02
1.910000e-06	7.198753e-06	8.674304e-09	5.138941e+01	5.696213e+02
1.920000e-06	7.127320e-06	8.759520e-09	5.087948e+01	5.689178e+02
1.930000e-06	7.053288e-06	8.689201e-09	5.035099e+01	5.681471e+02
1.940000e-06	6.976472e-06	8.716744e-09	4.980263e+01	5.672831e+02
1.950000e-06	6.896931e-06	8.553838e-09	4.923481e+01	5.663174e+02
1.960000e-06	6.814985e-06	8.664977e-09	4.864983e+01	5.652593e+02
1.970000e-06	6.730705e-06	8.657174e-09	4.804819e+01	5.641329e+02
1.980000e-06	6.643901e-06	8.624459e-09	4.742852e+01	5.629691e+02
1.990000e-06	6.554645e-06	8.604353e-09	4.679135e+01	5.617966e+02
2.000000e-06	6.463159e-06	8.524151e-09	4.613827e+01	5.606337e+02
2.010000e-06	6.369314e-06	8.573264e-09	4.546834e+01	5.594836e+02
2.020000e-06	6.273195e-06	8.546904e-09	4.478217e+01	5.583337e+02
2.030000e-06	6.174955e-06	8.588266e-09	4.408088e+01	5.571600e+02
2.040000e-06	6.074566e-06	8.487152e-09	4.336424e+01	5.559348e+02
2.050000e-06	5.971867e-06	8.440842e-09	4.263110e+01	5.546349e+02
2.060000e-06	5.866954e-06	8.427353e-09	4.188217e+01	5.532488e+02
2.070000e-06	5.760144e-06	8.462026e-09	4.111968e+01	5.517798e+02
2.080000e-06	5.651367e-06	8.450477e-09	4.034316e+01	5.502447e+02
2.090000e-06	5.540482e-06	8.359840e-09	3.955159e+01	5.486685e+02
2.100000e-06	5.427452e-06	8.319206e-09	3.874471e+01	5.470762e+02
2.110000e-06	5.312322e-06	8.313855e-09	3.792284e+01	5.454845e+02
2.120000e-06	5.195066e-06	8.351397e-09	3.708579e+01	5.438966e+02
2.130000e-06	5.075785e-06	8.318568e-09	3.623428e+01	5.423006e+02
2.140000e-06	4.954672e-06	8.271385e-09	3.536969e+01	5.406728e+02
2.150000e-06	4.831799e-06	8.202648e-09	3.449255e+01	5.389850e+02
2.160000e-06	4.707132e-06	8.188649e-09	3.360260e+01	5.372129e+02
2.170000e-06	4.580710e-06	8.203547e-09	3.270011e+01	5.353444e+02
2.180000e-06	4.452720e-06	8.202762e-09	3.178644e+01	5.333831e+02
2.190000e-06	4.323232e-06	8.128470e-09	3.086206e+01	5.313477e+02
2.200000e-06	4.192211e-06	8.050429e-09	2.992675e+01	5.292667e+02
2.210000e-06	4.059659e-06	8.038888e-09	2.898051e+01	5.271692e+02
2.220000e-06	3.925679e-06	8.062169e-09	2.802407e+01	5.250752e+02
2.230000e-06	3.790317e-06	8.041321e-09	2.705777e+01	5.229888e+02
2.240000e-06	3.653629e-06	7.961462e-09	2.608200e+01	5.208954e+02
2.250000e-06	3.515619e-06	7.893649e-09	2.509679e+01	5.187644e+02
2.260000e-06	3.376287e-06	7.864524e-09	2.410215e+01	5.165572e+02
2.270000e-06	3.235624e-06	7.866292e-09	2.309801e+01	5.142379e+02
2.280000e-06	3.093638e-06	7.847935e-09	2.208442e+01	5.117828e+02
2.290000e-06	2.950466e-06	7.786763e-09	2.106236e+01	5.091876e+02
2.300000e-06	2.806257e-06	7.704012e-09	2.003290e+01	5.064679e+02
2.310000e-06	2.661037e-06	7.672294e-09	1.899622e+01	5.036545e+02
2.320000e-06	2.514922e-06	7.681006e-09	1.795316e+01	5.007838e+02
2.330000e-06	2.367945e-06	7.659052e-09	1.690394e+01	4.978858e+02
2.340000e-06	2.220114e-06	7.578371e-09	1.584863e+01	4.949744e+02
2.350000e-06	2.071565e-06	7.493473e-09	1.478819e+01	4.920422e+02
2.360000e-06	1.922202e-06	7.453756e-09	1.372194e+01	4.890612e+02
2.370000e-06	1.772013e-06	7.439317e-09	1.264979e+01	4.859906e+02
2.380000e-06	1.621178e-06	7.405310e-09	1.157303e+01	4.827880e+02
2.390000e-06	1.469917e-06	7.332837e-09	1.049323e+01	4.794213e+02
2.400000e-06	1.318235e-06	7.244892e-09	9.410427e+00	4.758778e+02
2.410000e-06	1.166061e-06	7.187841e-09	8.324105e+00	4.721670e+02
2.420000e-06	1.013423e-06	7.168612e-09	7.234480e+00	4.683160e+02
2.430000e-06	8.604211e-07	7.135180e-09	6.142250e+00	4.643589e+02
2.440000e-06	7.071789e-07	7.051583e-09	5.048307e+00	4.603229e+02
2.450000e-06	5.537473e-07	6.950815e-09	3.953011e+00	4.562155e+02
2.460000e-06	4.001233e-07	6.885726e-09	2.856342e+00	4.520167e+02
2.470000e-06	2.462824e-07	6.849802e-09	1.758125e+00	4.476791e+02
2.480000e-06	9.231183e-08	6.798295e-09	6.589823e-01	4.431371e+02
2.490000e-06	-6.157060e-08	6.708680e-09	-4.395313e-01	4.383214e+02
2.500000e-06	-2.153414e-07	6.600891e-09	-1.537248e+00	4.331762e+02
2.510000e-06	-3.691054e-07	6.514180e-09	-2.634916e+00	4.276739e+02
2.520000e-06	-5.228670e-07	6.453962e-09	-3.732567e+00	4.218219e+02
2.530000e-06	-6.763711e-07	6.383966e-09	-4.828380e+00	4.156594e+02
2.540000e-06	-8.294199e-07	6.274412e-09	-5.920943e+00	4.092443e+02
2.550000e-06	-9.821508e-07	6.143344e-09	-7.011236e+00	4.026345e+02
2.560000e-06	-1.134588e-06	6.033604e-09	-8.099431e+00	3.958661e+02
2.570000e-06	-1.286664e-06	5.950318e-09	-9.185052e+00	3.889379e+02
2.580000e-06	-1.438380e-06	5.858904e-09	-1.026810e+01	3.818038e+02
2.590000e-06	-1.589566e-06	5.732433e-09	-1.134736e+01	3.743774e+02
2.600000e-06	-1.740119e-06	5.584534e-09	-1.242211e+01	3.665458e+02
2.610000e-06	-1.890023e-06	5.449407e-09	-1.349222e+01	3.581886e+02
2.620000e-06	-2.039154e-06	5.336948e-09	-1.455682e+01	3.491946e+02
2.630000e-06	-2.187505e-06	5.214183e-09	-1.561585e+01	3.394702e+02
2.640000e-06	-2.335125e-06	5.050236e-09	-1.666965e+01	3.289321e+02
2.650000e-06	-2.481973e-06	4.853646e-09	-1.771795e+01	3.174870e+02
2.660000e-06	-2.627932e-06	4.654569e-09	-1.875990e+01	3.049983e+02
2.670000e-06	-2.772904e-06	4.460376e-09	-1.979480e+01	2.912512e+02
2.680000e-06	-2.916922e-06	4.241433e-09	-2.082290e+01	2.759260e+02
2.690000e-06	-3.059925e-06	3.967937e-09	-2.184375e+01	2.585900e+02
2.700000e-06	-3.201664e-06	3.640820e-09	-2.285558e+01	2.387178e+02
2.710000e-06	-3.342099e-06	3.283178e-09	-2.385809e+01	2.157420e+02
2.720000e-06	-3.481316e-06	2.898186e-09	-2.485191e+01	1.891291e+02
2.730000e-06	-3.619214e-06	2.456577e-09	-2.583632e+01	1.584709e+02
2.740000e-06	-3.755748e-06	1.927094e-09	-2.681099e+01	1.235750e+02
2.750000e-06	-3.890991e-06	1.316392e-09	-2.777644e+01	8.453668e+01
2.760000e-06	-4.024806e-06	6.573236e-10	-2.873170e+01	4.177613e+01
2.770000e-06	-4.157147e-06	-2.891115e-11	-2.967644e+01	-3.967708e+00
2.780000e-06	-4.288083e-06	-7.451825e-10	-3.061115e+01	-5.169015e+01
2.790000e-06	-4.417526e-06	-1.493160e-09	-3.153520e+01	-1.002129e+02
2.800000e-06	-4.545444e-06	-2.247635e-09	-3.244836e+01	-1.483016e+02
2.810000e-06	-4.671710e-06	-2.968381e-09	-3.334973e+01	-1.947890e+02
2.820000e-06	-4.796242e-06	-3.628607e-09	-3.423872e+01	-2.386853e+02
2.830000e-06	-4.919146e-06	-4.233284e-09	-3.511609e+01	-2.792567e+02
2.840000e-06	-5.040366e-06	-4.797126e-09	-3.598143e+01	-3.160644e+02
2.850000e-06	-5.159690e-06	-5.316708e-09	-3.683325e+01	-3.489585e+02
2.860000e-06	-5.276967e-06	-5.773799e-09	-3.767045e+01	-3.780360e+02
2.870000e-06	-5.392091e-06	-6.160481e-09	-3.849228e+01	-4.035720e+02
2.880000e-06	-5.505024e-06	-6.494371e-09	-3.929847e+01	-4.259415e+02
2.890000e-06	-5.615832e-06	-6.798958e-09	-4.008949e+01	-4.455465e+02
2.900000e-06	-5.724650e-06	-7.078495e-09	-4.086630e+01	-4.627593e+02
2.910000e-06	-5.831588e-06	-7.320351e-09	-4.162970e+01	-4.778913e+02
2.920000e-06	-5.936510e-06	-7.519068e-09	-4.237870e+01	-4.911844e+02
2.930000e-06	-6.039204e-06	-7.685378e-09	-4.311180e+01	-5.028227e+02
2.940000e-06	-6.139632e-06	-7.837352e-09	-4.382872e+01	-5.129550e+02
2.950000e-06	-6.237970e-06	-7.982028e-09	-4.453072e+01	-5.217188e+02
2.960000e-06	-6.334224e-06	-8.106624e-09	-4.521784e+01	-5.292588e+02
2.970000e-06	-6.428175e-06	-8.201634e-09	-4.588852e+01	-5.357339e+02
2.980000e-06	-6.519810e-06	-8.278874e-09	-4.654268e+01	-5.413140e+02
2.990000e-06	-6.609198e-06	-8.354935e-09	-4.718079e+01	-5.461669e+02
3.000000e-06	-6.696294e-06	-8.432311e-09	-4.780254e+01	-5.504432e+02
3.010000e-06	-6.780994e-06	-8.500759e-09	-4.840718e+01	-5.542617e+02
3.020000e-06	-6.863320e-06	-8.552251e-09	-4.899488e+01	-5.577026e+02
3.030000e-06	-6.943259e-06	-8.590161e-09	-4.956554e+01	-5.608081e+02
3.040000e-06	-7.020532e-06	-8.627927e-09	-5.011716e+01	-5.635918e+02
3.050000e-06	-7.095142e-06	-8.671168e-09	-5.064978e+01	-5.660523e+02
3.060000e-06	-7.167170e-06	-8.711336e-09	-5.116396e+01	-5.681887e+02
3.070000e-06	-7.236557e-06	-8.737779e-09	-5.165929e+01	-5.700122e+02
3.080000e-06	-7.303398e-06	-8.753436e-09	-5.213644e+01	-5.715522e+02
3.090000e-06	-7.367670e-06	-8.770620e-09	-5.259526e+01	-5.728549e+02
3.100000e-06	-7.429274e-06	-8.797602e-09	-5.303503e+01	-5.739764e+02
3.110000e-06	-7.488186e-06	-8.822588e-09	-5.345558e+01	-5.749721e+02
3.120000e-06	-7.544408e-06	-8.835737e-09	-5.385693e+01	-5.758871e+02
3.130000e-06	-7.597786e-06	-8.840921e-09	-5.423798e+01	-5.767484e+02
3.140000e-06	-7.648147e-06	-8.847126e-09	-5.459749e+01	-5.775630e+02
3.150000e-06	-7.695474e-06	-8.861764e-09	-5.493534e+01	-5.783209e+02
3.160000e-06	-7.740101e-06	-8.878089e-09	-5.525392e+01	-5.790028e+02
3.170000e-06	-7.782290e-06	-8.886645e-09	-5.555509e+01	-5.795885e+02
3.180000e-06	-7.821851e-06	-8.884966e-09	-5.583750e+01	-5.800654e+02
3.190000e-06	-7.858612e-06	-8.885253e-09	-5.609992e+01	-5.804334e+02
3.200000e-06	-7.892592e-06	-8.892557e-09	-5.634249e+01	-5.807063e+02
3.210000e-06	-7.923783e-06	-8.901602e-09	-5.656516e+01	-5.809083e+02
3.220000e-06	-7.952145e-06	-8.905560e-09	-5.676762e+01	-5.810685e+02
3.230000e-06	-7.977747e-06	-8.903225e-09	-5.695039e+01	-5.812139e+02
3.240000e-06	-8.000502e-06	-8.900688e-09	-5.711283e+01	-5.813632e+02
3.250000e-06	-8.020420e-06	-8.903975e-09	-5.725501e+01	-5.815239e+02
3.260000e-06	-8.037603e-06	-8.908497e-09	-5.737768e+01	-5.816915e+02
3.270000e-06	-8.051731e-06	-8.909638e-09	-5.747854e+01	-5.818519e+02
3.280000e-06	-8.062755e-06	-8.905503e-09	-5.755723e+01	-5.819862e+02
3.290000e-06	-8.070930e-06	-8.901040e-09	-5.761559e+01	-5.820752e+02
3.300000e-06	-8.076193e-06	-8.900072e-09	-5.765316e+01	-5.821037e+02
3.310000e-06	-8.078642e-06	-8.899490e-09	-5.767065e+01	-5.820631e+02
