# Temperatura_=_20.0
# Concentracion g/m^3_=_7000.0
# C_Vs_to_Am_M_A/Vsm_=_65563218390.804596
# pendiente_HvsI_1/m_=_3716.3
# ordenada_HvsI_A/m_=_1297.0
# frecuencia_Hz_=_301624.4460773021

Tiempo_(s)	Campo_(V.s)	Magnetizacion_(V.s)	Campo_(kA/m)	Magnetizacion_(A/m)
0.000000e+00	-7.917804e-06	-8.848699e-09	-5.757938e+01	-5.793378e+02
1.000000e-08	-7.913964e-06	-8.848784e-09	-5.755146e+01	-5.792436e+02
2.000000e-08	-7.907560e-06	-8.847097e-09	-5.750489e+01	-5.791228e+02
3.000000e-08	-7.898478e-06	-8.844576e-09	-5.743885e+01	-5.789821e+02
4.000000e-08	-7.886578e-06	-8.840389e-09	-5.735230e+01	-5.788243e+02
5.000000e-08	-7.871775e-06	-8.835426e-09	-5.724465e+01	-5.786480e+02
6.000000e-08	-7.854231e-06	-8.831193e-09	-5.711707e+01	-5.784484e+02
7.000000e-08	-7.834345e-06	-8.833678e-09	-5.697246e+01	-5.782191e+02
8.000000e-08	-7.811880e-06	-8.872351e-09	-5.680909e+01	-5.779540e+02
9.000000e-08	-7.786308e-06	-8.864465e-09	-5.662313e+01	-5.776496e+02
1.000000e-07	-7.757671e-06	-8.823847e-09	-5.641488e+01	-5.773053e+02
1.100000e-07	-7.726298e-06	-8.813539e-09	-5.618673e+01	-5.769234e+02
1.200000e-07	-7.692173e-06	-8.811219e-09	-5.593857e+01	-5.765078e+02
1.300000e-07	-7.655487e-06	-8.796316e-09	-5.567178e+01	-5.760620e+02
1.400000e-07	-7.616748e-06	-8.772866e-09	-5.539007e+01	-5.755875e+02
1.500000e-07	-7.575735e-06	-8.821822e-09	-5.509181e+01	-5.750828e+02
1.600000e-07	-7.531879e-06	-8.774407e-09	-5.477288e+01	-5.745435e+02
1.700000e-07	-7.485327e-06	-8.727513e-09	-5.443435e+01	-5.739639e+02
1.800000e-07	-7.436036e-06	-8.787920e-09	-5.407590e+01	-5.733386e+02
1.900000e-07	-7.383696e-06	-8.736312e-09	-5.369527e+01	-5.726648e+02
2.000000e-07	-7.328496e-06	-8.711458e-09	-5.329385e+01	-5.719434e+02
2.100000e-07	-7.270557e-06	-8.715317e-09	-5.287251e+01	-5.711792e+02
2.200000e-07	-7.210028e-06	-8.702621e-09	-5.243234e+01	-5.703797e+02
2.300000e-07	-7.146943e-06	-8.694739e-09	-5.197358e+01	-5.695527e+02
2.400000e-07	-7.081146e-06	-8.665452e-09	-5.149509e+01	-5.687042e+02
2.500000e-07	-7.012779e-06	-8.679492e-09	-5.099792e+01	-5.678359e+02
2.600000e-07	-6.941898e-06	-8.643825e-09	-5.048246e+01	-5.669446e+02
2.700000e-07	-6.868329e-06	-8.630352e-09	-4.994746e+01	-5.660226e+02
2.800000e-07	-6.792001e-06	-8.625522e-09	-4.939239e+01	-5.650597e+02
2.900000e-07	-6.713025e-06	-8.611571e-09	-4.881806e+01	-5.640459e+02
3.000000e-07	-6.631530e-06	-8.604538e-09	-4.822542e+01	-5.629743e+02
3.100000e-07	-6.547718e-06	-8.563981e-09	-4.761593e+01	-5.618431e+02
3.200000e-07	-6.461752e-06	-8.556989e-09	-4.699077e+01	-5.606559e+02
3.300000e-07	-6.373578e-06	-8.536341e-09	-4.634956e+01	-5.594210e+02
3.400000e-07	-6.283135e-06	-8.519336e-09	-4.569184e+01	-5.581487e+02
3.500000e-07	-6.190461e-06	-8.492538e-09	-4.501790e+01	-5.568484e+02
3.600000e-07	-6.095608e-06	-8.474597e-09	-4.432812e+01	-5.555263e+02
3.700000e-07	-5.998458e-06	-8.457311e-09	-4.362163e+01	-5.541831e+02
3.800000e-07	-5.899004e-06	-8.429986e-09	-4.289838e+01	-5.528145e+02
3.900000e-07	-5.797458e-06	-8.420163e-09	-4.215993e+01	-5.514128e+02
4.000000e-07	-5.693920e-06	-8.399200e-09	-4.140699e+01	-5.499690e+02
4.100000e-07	-5.588332e-06	-8.375383e-09	-4.063914e+01	-5.484758e+02
4.200000e-07	-5.480644e-06	-8.339978e-09	-3.985601e+01	-5.469295e+02
4.300000e-07	-5.370997e-06	-8.320922e-09	-3.905864e+01	-5.453306e+02
4.400000e-07	-5.259427e-06	-8.302559e-09	-3.824729e+01	-5.436829e+02
4.500000e-07	-5.145793e-06	-8.277971e-09	-3.742093e+01	-5.419918e+02
4.600000e-07	-5.030145e-06	-8.244307e-09	-3.657992e+01	-5.402611e+02
4.700000e-07	-4.912564e-06	-8.215922e-09	-3.572486e+01	-5.384914e+02
4.800000e-07	-4.793153e-06	-8.195515e-09	-3.485648e+01	-5.366793e+02
4.900000e-07	-4.672010e-06	-8.166656e-09	-3.397552e+01	-5.348178e+02
5.000000e-07	-4.549199e-06	-8.137542e-09	-3.308241e+01	-5.328990e+02
5.100000e-07	-4.424728e-06	-8.106190e-09	-3.217725e+01	-5.309166e+02
5.200000e-07	-4.298619e-06	-8.069884e-09	-3.126016e+01	-5.288692e+02
5.300000e-07	-4.170976e-06	-8.029853e-09	-3.033193e+01	-5.267610e+02
5.400000e-07	-4.041794e-06	-8.004102e-09	-2.939250e+01	-5.246022e+02
5.500000e-07	-3.911172e-06	-7.976891e-09	-2.844259e+01	-5.224054e+02
5.600000e-07	-3.779172e-06	-7.939399e-09	-2.748267e+01	-5.201825e+02
5.700000e-07	-3.645764e-06	-7.900936e-09	-2.651251e+01	-5.179397e+02
5.800000e-07	-3.511048e-06	-7.870973e-09	-2.553283e+01	-5.156747e+02
5.900000e-07	-3.375069e-06	-7.841087e-09	-2.454398e+01	-5.133753e+02
6.000000e-07	-3.237766e-06	-7.803708e-09	-2.354549e+01	-5.110211e+02
6.100000e-07	-3.099226e-06	-7.766709e-09	-2.253801e+01	-5.085880e+02
6.200000e-07	-2.959491e-06	-7.727706e-09	-2.152183e+01	-5.060536e+02
6.300000e-07	-2.818489e-06	-7.685661e-09	-2.049645e+01	-5.034028e+02
6.400000e-07	-2.676256e-06	-7.642158e-09	-1.946211e+01	-5.006321e+02
6.500000e-07	-2.532994e-06	-7.602156e-09	-1.842029e+01	-4.977504e+02
6.600000e-07	-2.388913e-06	-7.556238e-09	-1.737251e+01	-4.947764e+02
6.700000e-07	-2.244023e-06	-7.505947e-09	-1.631885e+01	-4.917338e+02
6.800000e-07	-2.098253e-06	-7.460427e-09	-1.525879e+01	-4.886436e+02
6.900000e-07	-1.951660e-06	-7.417140e-09	-1.419275e+01	-4.855186e+02
7.000000e-07	-1.804453e-06	-7.370442e-09	-1.312224e+01	-4.823581e+02
7.100000e-07	-1.656722e-06	-7.316916e-09	-1.204791e+01	-4.791480e+02
7.200000e-07	-1.508473e-06	-7.263426e-09	-1.096983e+01	-4.758632e+02
7.300000e-07	-1.359634e-06	-7.211578e-09	-9.887447e+00	-4.724742e+02
7.400000e-07	-1.210242e-06	-7.159749e-09	-8.801051e+00	-4.689538e+02
7.500000e-07	-1.060493e-06	-7.106460e-09	-7.712053e+00	-4.652840e+02
7.600000e-07	-9.104659e-07	-7.049570e-09	-6.621036e+00	-4.614588e+02
7.700000e-07	-7.601539e-07	-6.987358e-09	-5.527946e+00	-4.574842e+02
7.800000e-07	-6.095584e-07	-6.924232e-09	-4.432794e+00	-4.533732e+02
7.900000e-07	-4.587896e-07	-6.860124e-09	-3.336382e+00	-4.491384e+02
8.000000e-07	-3.079330e-07	-6.793091e-09	-2.239332e+00	-4.447846e+02
8.100000e-07	-1.569689e-07	-6.721408e-09	-1.141500e+00	-4.403025e+02
8.200000e-07	-5.931861e-09	-6.644567e-09	-4.313733e-02	-4.356669e+02
8.300000e-07	1.450918e-07	-6.571458e-09	1.055128e+00	-4.308399e+02
8.400000e-07	2.960931e-07	-6.498902e-09	2.153231e+00	-4.257778e+02
8.500000e-07	4.470417e-07	-6.421193e-09	3.250950e+00	-4.204413e+02
8.600000e-07	5.977932e-07	-6.334909e-09	4.347237e+00	-4.148041e+02
8.700000e-07	7.482862e-07	-6.242957e-09	5.441642e+00	-4.088598e+02
8.800000e-07	8.985701e-07	-6.149910e-09	6.534528e+00	-4.026218e+02
8.900000e-07	1.048618e-06	-6.052369e-09	7.625699e+00	-3.961186e+02
9.000000e-07	1.198294e-06	-5.948027e-09	8.714160e+00	-3.893832e+02
9.100000e-07	1.347503e-06	-5.837507e-09	9.799229e+00	-3.824407e+02
9.200000e-07	1.496165e-06	-5.724836e-09	1.088032e+01	-3.752958e+02
9.300000e-07	1.644285e-06	-5.612751e-09	1.195748e+01	-3.679256e+02
9.400000e-07	1.791862e-06	-5.499938e-09	1.303067e+01	-3.602778e+02
9.500000e-07	1.938807e-06	-5.380123e-09	1.409928e+01	-3.522746e+02
9.600000e-07	2.085120e-06	-5.249998e-09	1.516329e+01	-3.438221e+02
9.700000e-07	2.230748e-06	-5.108353e-09	1.622231e+01	-3.348199e+02
9.800000e-07	2.375539e-06	-4.958284e-09	1.727526e+01	-3.251672e+02
9.900000e-07	2.519451e-06	-4.800692e-09	1.832180e+01	-3.147629e+02
1.000000e-06	2.662492e-06	-4.627726e-09	1.936202e+01	-3.034973e+02
1.010000e-06	2.804569e-06	-4.437366e-09	2.039522e+01	-2.912364e+02
1.020000e-06	2.945475e-06	-4.229321e-09	2.141991e+01	-2.778027e+02
1.030000e-06	3.085116e-06	-4.000403e-09	2.243540e+01	-2.629597e+02
1.040000e-06	3.223673e-06	-3.746180e-09	2.344301e+01	-2.464042e+02
1.050000e-06	3.361168e-06	-3.460581e-09	2.444289e+01	-2.277753e+02
1.060000e-06	3.497300e-06	-3.136327e-09	2.543285e+01	-2.066805e+02
1.070000e-06	3.632039e-06	-2.765983e-09	2.641270e+01	-1.827397e+02
1.080000e-06	3.765530e-06	-2.349295e-09	2.738346e+01	-1.556414e+02
1.090000e-06	3.897583e-06	-1.884157e-09	2.834377e+01	-1.252028e+02
1.100000e-06	4.028244e-06	-1.366681e-09	2.929395e+01	-9.142266e+01
1.110000e-06	4.157575e-06	-7.987675e-10	3.023447e+01	-5.451685e+01
1.120000e-06	4.285319e-06	-1.901051e-10	3.116344e+01	-1.492787e+01
1.130000e-06	4.411546e-06	4.465974e-10	3.208138e+01	2.669499e+01
1.140000e-06	4.536319e-06	1.100603e-09	3.298875e+01	6.954396e+01
1.150000e-06	4.659478e-06	1.758258e-09	3.388438e+01	1.127227e+02
1.160000e-06	4.781028e-06	2.406428e-09	3.476831e+01	1.553276e+02
1.170000e-06	4.900811e-06	3.032665e-09	3.563938e+01	1.965273e+02
1.180000e-06	5.018752e-06	3.624281e-09	3.649707e+01	2.356296e+02
1.190000e-06	5.134833e-06	4.173580e-09	3.734122e+01	2.721251e+02
1.200000e-06	5.248953e-06	4.680017e-09	3.817112e+01	3.057050e+02
1.210000e-06	5.361052e-06	5.143665e-09	3.898632e+01	3.362505e+02
1.220000e-06	5.471210e-06	5.562881e-09	3.978741e+01	3.638023e+02
1.230000e-06	5.579471e-06	5.937087e-09	4.057470e+01	3.885153e+02
1.240000e-06	5.685737e-06	6.270863e-09	4.134748e+01	4.106108e+02
1.250000e-06	5.789914e-06	6.569042e-09	4.210507e+01	4.303328e+02
1.260000e-06	5.891965e-06	6.835121e-09	4.284720e+01	4.479160e+02
1.270000e-06	5.991886e-06	7.071237e-09	4.357384e+01	4.635686e+02
1.280000e-06	6.089611e-06	7.278899e-09	4.428451e+01	4.774683e+02
1.290000e-06	6.185138e-06	7.462722e-09	4.497920e+01	4.897680e+02
1.300000e-06	6.278534e-06	7.626529e-09	4.565839e+01	5.006074e+02
1.310000e-06	6.369800e-06	7.772808e-09	4.632208e+01	5.101236e+02
1.320000e-06	6.458740e-06	7.901666e-09	4.696887e+01	5.184584e+02
1.330000e-06	6.545368e-06	8.013127e-09	4.759884e+01	5.257590e+02
1.340000e-06	6.629829e-06	8.109429e-09	4.821305e+01	5.321730e+02
1.350000e-06	6.711991e-06	8.194307e-09	4.881055e+01	5.378403e+02
1.360000e-06	6.791679e-06	8.270587e-09	4.939005e+01	5.428833e+02
1.370000e-06	6.868878e-06	8.338383e-09	4.995145e+01	5.474005e+02
1.380000e-06	6.943511e-06	8.399214e-09	5.049419e+01	5.514632e+02
1.390000e-06	7.015488e-06	8.453876e-09	5.101762e+01	5.551181e+02
1.400000e-06	7.084984e-06	8.502034e-09	5.152300e+01	5.583936e+02
1.410000e-06	7.152035e-06	8.544492e-09	5.201060e+01	5.613082e+02
1.420000e-06	7.216444e-06	8.582939e-09	5.247900e+01	5.638791e+02
1.430000e-06	7.278324e-06	8.617166e-09	5.292899e+01	5.661284e+02
1.440000e-06	7.337737e-06	8.645532e-09	5.336106e+01	5.680861e+02
1.450000e-06	7.394539e-06	8.669918e-09	5.377413e+01	5.697890e+02
1.460000e-06	7.448683e-06	8.692533e-09	5.416787e+01	5.712773e+02
1.470000e-06	7.499871e-06	8.712005e-09	5.454011e+01	5.725897e+02
1.480000e-06	7.547943e-06	8.728953e-09	5.488970e+01	5.737591e+02
1.490000e-06	7.593269e-06	8.744481e-09	5.521932e+01	5.748093e+02
1.500000e-06	7.636005e-06	8.758781e-09	5.553010e+01	5.757555e+02
1.510000e-06	7.675981e-06	8.770719e-09	5.582081e+01	5.766051e+02
1.520000e-06	7.713280e-06	8.780264e-09	5.609206e+01	5.773619e+02
1.530000e-06	7.747967e-06	8.789575e-09	5.634430e+01	5.780284e+02
1.540000e-06	7.779896e-06	8.798326e-09	5.657650e+01	5.786094e+02
1.550000e-06	7.809134e-06	8.807276e-09	5.678912e+01	5.791121e+02
1.560000e-06	7.835649e-06	8.815450e-09	5.698194e+01	5.795463e+02
1.570000e-06	7.859257e-06	8.822933e-09	5.715362e+01	5.799216e+02
1.580000e-06	7.880114e-06	8.829219e-09	5.730530e+01	5.802462e+02
1.590000e-06	7.898325e-06	8.833038e-09	5.743773e+01	5.805246e+02
1.600000e-06	7.913682e-06	8.837209e-09	5.754941e+01	5.807573e+02
1.610000e-06	7.926046e-06	8.840755e-09	5.763932e+01	5.809419e+02
1.620000e-06	7.935340e-06	8.844221e-09	5.770691e+01	5.810745e+02
1.630000e-06	7.941662e-06	8.846072e-09	5.775288e+01	5.811527e+02
1.640000e-06	7.945230e-06	8.846800e-09	5.777883e+01	5.811767e+02
1.650000e-06	7.946045e-06	8.846744e-09	5.778476e+01	5.811508e+02
1.660000e-06	7.944129e-06	8.841601e-09	5.777082e+01	5.810823e+02
1.670000e-06	7.939634e-06	8.841888e-09	5.773814e+01	5.809805e+02
1.680000e-06	7.932489e-06	8.841908e-09	5.768617e+01	5.808540e+02
1.690000e-06	7.922721e-06	8.841054e-09	5.761514e+01	5.807087e+02
1.700000e-06	7.910215e-06	8.841802e-09	5.752420e+01	5.805463e+02
1.710000e-06	7.894906e-06	8.843483e-09	5.741287e+01	5.803645e+02
1.720000e-06	7.877179e-06	8.841639e-09	5.728395e+01	5.801579e+02
1.730000e-06	7.857110e-06	8.787608e-09	5.713801e+01	5.799199e+02
1.740000e-06	7.834011e-06	8.771266e-09	5.697003e+01	5.796451e+02
1.750000e-06	7.807251e-06	8.805843e-09	5.677543e+01	5.793304e+02
1.760000e-06	7.777059e-06	8.806207e-09	5.655587e+01	5.789761e+02
1.770000e-06	7.744166e-06	8.795610e-09	5.631666e+01	5.785852e+02
1.780000e-06	7.709074e-06	8.823928e-09	5.606147e+01	5.781616e+02
1.790000e-06	7.671840e-06	8.813051e-09	5.579070e+01	5.777085e+02
1.800000e-06	7.632382e-06	8.742858e-09	5.550376e+01	5.772264e+02
1.810000e-06	7.590428e-06	8.818029e-09	5.519866e+01	5.767133e+02
1.820000e-06	7.545946e-06	8.795441e-09	5.487518e+01	5.761643e+02
1.830000e-06	7.498806e-06	8.767491e-09	5.453237e+01	5.755735e+02
1.840000e-06	7.448759e-06	8.798634e-09	5.416842e+01	5.749360e+02
1.850000e-06	7.395886e-06	8.742745e-09	5.378393e+01	5.742498e+02
1.860000e-06	7.340091e-06	8.778804e-09	5.337817e+01	5.735170e+02
1.870000e-06	7.281619e-06	8.727040e-09	5.295296e+01	5.727430e+02
1.880000e-06	7.220714e-06	8.739416e-09	5.251005e+01	5.719357e+02
1.890000e-06	7.157027e-06	8.737799e-09	5.204691e+01	5.711027e+02
1.900000e-06	7.090562e-06	8.667693e-09	5.156357e+01	5.702490e+02
1.910000e-06	7.021396e-06	8.711228e-09	5.106058e+01	5.693753e+02
1.920000e-06	6.949617e-06	8.677586e-09	5.053859e+01	5.684770e+02
1.930000e-06	6.875268e-06	8.679578e-09	4.999792e+01	5.675455e+02
1.940000e-06	6.798189e-06	8.633648e-09	4.943739e+01	5.665705e+02
1.950000e-06	6.718548e-06	8.613572e-09	4.885823e+01	5.655426e+02
1.960000e-06	6.636528e-06	8.627867e-09	4.826176e+01	5.644558e+02
1.970000e-06	6.552174e-06	8.582855e-09	4.764833e+01	5.633098e+02
1.980000e-06	6.465388e-06	8.593463e-09	4.701722e+01	5.621096e+02
1.990000e-06	6.376258e-06	8.556582e-09	4.636905e+01	5.608641e+02
2.000000e-06	6.284957e-06	8.548557e-09	4.570509e+01	5.595838e+02
2.010000e-06	6.191465e-06	8.513476e-09	4.502521e+01	5.582775e+02
2.020000e-06	6.095789e-06	8.505719e-09	4.432943e+01	5.569500e+02
2.030000e-06	5.997957e-06	8.495607e-09	4.361799e+01	5.556008e+02
2.040000e-06	5.897987e-06	8.457285e-09	4.289099e+01	5.542246e+02
2.050000e-06	5.795842e-06	8.431240e-09	4.214818e+01	5.528130e+02
2.060000e-06	5.691566e-06	8.399943e-09	4.138987e+01	5.513572e+02
2.070000e-06	5.585291e-06	8.396253e-09	4.061702e+01	5.498507e+02
2.080000e-06	5.477080e-06	8.366818e-09	3.983010e+01	5.482908e+02
2.090000e-06	5.366879e-06	8.344962e-09	3.902870e+01	5.466790e+02
2.100000e-06	5.254658e-06	8.314639e-09	3.821261e+01	5.450198e+02
2.110000e-06	5.140411e-06	8.293363e-09	3.738179e+01	5.433183e+02
2.120000e-06	5.024119e-06	8.263639e-09	3.653610e+01	5.415778e+02
2.130000e-06	4.905902e-06	8.238048e-09	3.567641e+01	5.397978e+02
2.140000e-06	4.785830e-06	8.211920e-09	3.480323e+01	5.379738e+02
2.150000e-06	4.663971e-06	8.174373e-09	3.391705e+01	5.360986e+02
2.160000e-06	4.540457e-06	8.140899e-09	3.301884e+01	5.341641e+02
2.170000e-06	4.415332e-06	8.117264e-09	3.210892e+01	5.321651e+02
2.180000e-06	4.288646e-06	8.096058e-09	3.118764e+01	5.301016e+02
2.190000e-06	4.160448e-06	8.058981e-09	3.025536e+01	5.279795e+02
2.200000e-06	4.030782e-06	8.024398e-09	2.931242e+01	5.258097e+02
2.210000e-06	3.899758e-06	7.992643e-09	2.835959e+01	5.236053e+02
2.220000e-06	3.767327e-06	7.960399e-09	2.739654e+01	5.213769e+02
2.230000e-06	3.633456e-06	7.920559e-09	2.642300e+01	5.191289e+02
2.240000e-06	3.498368e-06	7.885177e-09	2.544062e+01	5.168566e+02
2.250000e-06	3.362055e-06	7.849021e-09	2.444934e+01	5.145454e+02
2.260000e-06	3.224372e-06	7.808923e-09	2.344808e+01	5.121736e+02
2.270000e-06	3.085487e-06	7.770410e-09	2.243810e+01	5.097169e+02
2.280000e-06	2.945547e-06	7.738255e-09	2.142043e+01	5.071542e+02
2.290000e-06	2.804403e-06	7.699169e-09	2.039401e+01	5.044731e+02
2.300000e-06	2.662133e-06	7.651214e-09	1.935940e+01	5.016731e+02
2.310000e-06	2.518929e-06	7.604928e-09	1.831801e+01	4.987661e+02
2.320000e-06	2.374826e-06	7.562028e-09	1.727007e+01	4.957725e+02
2.330000e-06	2.229814e-06	7.518675e-09	1.621552e+01	4.927160e+02
2.340000e-06	2.084002e-06	7.471852e-09	1.515516e+01	4.896162e+02
2.350000e-06	1.937523e-06	7.423586e-09	1.408994e+01	4.864827e+02
2.360000e-06	1.790411e-06	7.372697e-09	1.302012e+01	4.833114e+02
2.370000e-06	1.642653e-06	7.322302e-09	1.194561e+01	4.800850e+02
2.380000e-06	1.494305e-06	7.273949e-09	1.086679e+01	4.767768e+02
2.390000e-06	1.345458e-06	7.223292e-09	9.784358e+00	4.733570e+02
2.400000e-06	1.196026e-06	7.165880e-09	8.697669e+00	4.698003e+02
2.410000e-06	1.046019e-06	7.106220e-09	7.606794e+00	4.660915e+02
2.420000e-06	8.956455e-07	7.050271e-09	6.513260e+00	4.622278e+02
2.430000e-06	7.450566e-07	6.995426e-09	5.418157e+00	4.582176e+02
2.440000e-06	5.943228e-07	6.933841e-09	4.321999e+00	4.540744e+02
2.450000e-06	4.435033e-07	6.866127e-09	3.225218e+00	4.498097e+02
2.460000e-06	2.925983e-07	6.796909e-09	2.127816e+00	4.454251e+02
2.470000e-06	1.415557e-07	6.728723e-09	1.029413e+00	4.409073e+02
2.480000e-06	-9.547963e-09	6.661101e-09	-6.943413e-02	4.362276e+02
2.490000e-06	-1.605379e-07	6.589978e-09	-1.167454e+00	4.313457e+02
2.500000e-06	-3.114406e-07	6.510586e-09	-2.264840e+00	4.262181e+02
2.510000e-06	-4.623321e-07	6.423258e-09	-3.362144e+00	4.208080e+02
2.520000e-06	-6.131527e-07	6.334467e-09	-4.458932e+00	4.150936e+02
2.530000e-06	-7.637620e-07	6.246478e-09	-5.554185e+00	4.090736e+02
2.540000e-06	-9.141084e-07	6.153366e-09	-6.647525e+00	4.027661e+02
2.550000e-06	-1.064186e-06	6.051898e-09	-7.738910e+00	3.962016e+02
2.560000e-06	-1.213900e-06	5.946397e-09	-8.827655e+00	3.894125e+02
2.570000e-06	-1.363204e-06	5.839694e-09	-9.913412e+00	3.824197e+02
2.580000e-06	-1.511970e-06	5.734131e-09	-1.099526e+01	3.752216e+02
2.590000e-06	-1.659934e-06	5.624409e-09	-1.207127e+01	3.677879e+02
2.600000e-06	-1.807129e-06	5.504284e-09	-1.314169e+01	3.600590e+02
2.610000e-06	-1.953766e-06	5.376860e-09	-1.420806e+01	3.519525e+02
2.620000e-06	-2.099863e-06	5.246699e-09	-1.527050e+01	3.433719e+02
2.630000e-06	-2.245228e-06	5.111696e-09	-1.632761e+01	3.342163e+02
2.640000e-06	-2.389654e-06	4.965522e-09	-1.737790e+01	3.243850e+02
2.650000e-06	-2.533135e-06	4.804218e-09	-1.842132e+01	3.137762e+02
2.660000e-06	-2.675735e-06	4.628920e-09	-1.945832e+01	3.022755e+02
2.670000e-06	-2.817477e-06	4.440797e-09	-2.048909e+01	2.897399e+02
2.680000e-06	-2.958144e-06	4.235600e-09	-2.151204e+01	2.759784e+02
2.690000e-06	-3.097540e-06	4.007022e-09	-2.252575e+01	2.607380e+02
2.700000e-06	-3.235767e-06	3.746583e-09	-2.353095e+01	2.436996e+02
2.710000e-06	-3.372764e-06	3.451467e-09	-2.452721e+01	2.244912e+02
2.720000e-06	-3.508413e-06	3.121487e-09	-2.551368e+01	2.027187e+02
2.730000e-06	-3.642883e-06	2.751764e-09	-2.649155e+01	1.780135e+02
2.740000e-06	-3.776140e-06	2.333818e-09	-2.746062e+01	1.500907e+02
2.750000e-06	-3.907903e-06	1.861751e-09	-2.841882e+01	1.188086e+02
2.760000e-06	-4.038311e-06	1.335421e-09	-2.936716e+01	8.421770e+01
2.770000e-06	-4.167424e-06	7.625297e-10	-3.030609e+01	4.659075e+01
2.780000e-06	-4.294995e-06	1.532139e-10	-3.123381e+01	6.425012e+00
2.790000e-06	-4.421122e-06	-4.858297e-10	-3.215102e+01	-3.558510e+01
2.800000e-06	-4.545657e-06	-1.144647e-09	-3.305666e+01	-7.860247e+01
2.810000e-06	-4.668434e-06	-1.808203e-09	-3.394951e+01	-1.217212e+02
2.820000e-06	-4.789601e-06	-2.458048e-09	-3.483065e+01	-1.640485e+02
2.830000e-06	-4.909091e-06	-3.079478e-09	-3.569960e+01	-2.047823e+02
2.840000e-06	-5.026655e-06	-3.666964e-09	-3.655454e+01	-2.432731e+02
2.850000e-06	-5.142062e-06	-4.217667e-09	-3.739380e+01	-2.790611e+02
2.860000e-06	-5.255397e-06	-4.724794e-09	-3.821798e+01	-3.118868e+02
2.870000e-06	-5.366659e-06	-5.183961e-09	-3.902710e+01	-3.416750e+02
2.880000e-06	-5.475861e-06	-5.595385e-09	-3.982124e+01	-3.684994e+02
2.890000e-06	-5.583248e-06	-5.964621e-09	-4.060216e+01	-3.925360e+02
2.900000e-06	-5.688809e-06	-6.297215e-09	-4.136982e+01	-4.140154e+02
2.910000e-06	-5.792347e-06	-6.595057e-09	-4.212276e+01	-4.331816e+02
2.920000e-06	-5.893704e-06	-6.859577e-09	-4.285984e+01	-4.502641e+02
2.930000e-06	-5.992919e-06	-7.091998e-09	-4.358135e+01	-4.654632e+02
2.940000e-06	-6.090132e-06	-7.297809e-09	-4.428830e+01	-4.789495e+02
2.950000e-06	-6.185283e-06	-7.481529e-09	-4.498025e+01	-4.908715e+02
2.960000e-06	-6.278156e-06	-7.644027e-09	-4.565564e+01	-5.013673e+02
2.970000e-06	-6.368781e-06	-7.786296e-09	-4.631467e+01	-5.105749e+02
2.980000e-06	-6.457210e-06	-7.908207e-09	-4.695774e+01	-5.186374e+02
2.990000e-06	-6.543347e-06	-8.013771e-09	-4.758414e+01	-5.257028e+02
3.000000e-06	-6.627135e-06	-8.108434e-09	-4.819346e+01	-5.319178e+02
3.010000e-06	-6.708562e-06	-8.194412e-09	-4.878561e+01	-5.374186e+02
3.020000e-06	-6.787524e-06	-8.271499e-09	-4.935983e+01	-5.423222e+02
3.030000e-06	-6.863806e-06	-8.339594e-09	-4.991456e+01	-5.467203e+02
3.040000e-06	-6.937539e-06	-8.400387e-09	-5.045076e+01	-5.506778e+02
3.050000e-06	-7.008778e-06	-8.455646e-09	-5.096882e+01	-5.542359e+02
3.060000e-06	-7.077454e-06	-8.505305e-09	-5.146824e+01	-5.574198e+02
3.070000e-06	-7.143694e-06	-8.549455e-09	-5.194994e+01	-5.602470e+02
3.080000e-06	-7.207450e-06	-8.586790e-09	-5.241359e+01	-5.627354e+02
3.090000e-06	-7.268554e-06	-8.619304e-09	-5.285795e+01	-5.649089e+02
3.100000e-06	-7.326996e-06	-8.649727e-09	-5.328294e+01	-5.667994e+02
3.110000e-06	-7.382810e-06	-8.678112e-09	-5.368884e+01	-5.684450e+02
3.120000e-06	-7.435801e-06	-8.703359e-09	-5.407419e+01	-5.698861e+02
3.130000e-06	-7.485749e-06	-8.722404e-09	-5.443742e+01	-5.711602e+02
3.140000e-06	-7.532715e-06	-8.737535e-09	-5.477896e+01	-5.722981e+02
3.150000e-06	-7.577106e-06	-8.753008e-09	-5.510178e+01	-5.733215e+02
3.160000e-06	-7.619161e-06	-8.768672e-09	-5.540761e+01	-5.742433e+02
3.170000e-06	-7.658632e-06	-8.781677e-09	-5.569465e+01	-5.750697e+02
3.180000e-06	-7.695362e-06	-8.792166e-09	-5.596175e+01	-5.758037e+02
3.190000e-06	-7.729426e-06	-8.801362e-09	-5.620947e+01	-5.764485e+02
3.200000e-06	-7.760773e-06	-8.809194e-09	-5.643743e+01	-5.770094e+02
3.210000e-06	-7.789280e-06	-8.816827e-09	-5.664474e+01	-5.774943e+02
3.220000e-06	-7.815048e-06	-8.825241e-09	-5.683213e+01	-5.779130e+02
3.230000e-06	-7.838061e-06	-8.832338e-09	-5.699948e+01	-5.782753e+02
3.240000e-06	-7.858239e-06	-8.835183e-09	-5.714622e+01	-5.785882e+02
3.250000e-06	-7.875692e-06	-8.836037e-09	-5.727314e+01	-5.788555e+02
3.260000e-06	-7.890223e-06	-8.838591e-09	-5.737881e+01	-5.790767e+02
3.270000e-06	-7.901698e-06	-8.842366e-09	-5.746226e+01	-5.792488e+02
3.280000e-06	-7.910333e-06	-8.843809e-09	-5.752506e+01	-5.793683e+02
3.290000e-06	-7.916148e-06	-8.841983e-09	-5.756734e+01	-5.794329e+02
3.300000e-06	-7.919190e-06	-8.839321e-09	-5.758947e+01	-5.794441e+02
3.310000e-06	-7.919558e-06	-8.841354e-09	-5.759214e+01	-5.794069e+02
