1.963168e+03
1.955860e+03
1.959986e+03
1.977745e+03
1.953599e+03
1.975895e+03
1.959688e+03
1.973883e+03
1.977825e+03
1.988729e+03
1.971932e+03
1.947682e+03
1.949564e+03
1.911735e+03
1.881211e+03
1.843426e+03
1.808179e+03
1.772092e+03
1.715287e+03
1.676702e+03
1.618205e+03
1.554011e+03
1.509499e+03
1.480255e+03
1.436020e+03
1.401280e+03
1.378380e+03
1.355985e+03
1.347742e+03
1.332068e+03
1.306713e+03
1.348961e+03
1.256193e+03
1.294857e+03
1.396037e+03
1.434546e+03
1.422822e+03
1.448000e+03
1.405273e+03
1.441140e+03
