# Temperatura_=_20.0
# Concentracion g/m^3_=_11600.0
# C_Vs_to_Am_M_A/Vsm_=_65563218390.804596
# pendiente_HvsI_1/m_=_3716.3
# ordenada_HvsI_A/m_=_1297.0
# frecuencia_Hz_=_301726.00074714306

Tiempo_(s)	Campo_(V.s)	Magnetizacion_(V.s)	Campo_(kA/m)	Magnetizacion_(A/m)
0.000000e+00	-7.839838e-06	-1.014212e-08	-5.753998e+01	-6.625135e+02
1.000000e-08	-7.835902e-06	-1.014202e-08	-5.751109e+01	-6.623699e+02
2.000000e-08	-7.829440e-06	-1.013524e-08	-5.746367e+01	-6.621513e+02
3.000000e-08	-7.820343e-06	-1.012839e-08	-5.739690e+01	-6.618558e+02
4.000000e-08	-7.808439e-06	-1.012103e-08	-5.730953e+01	-6.614845e+02
5.000000e-08	-7.793648e-06	-1.011311e-08	-5.720097e+01	-6.610409e+02
6.000000e-08	-7.776184e-06	-1.009873e-08	-5.707279e+01	-6.605306e+02
7.000000e-08	-7.756424e-06	-1.006709e-08	-5.692777e+01	-6.599608e+02
8.000000e-08	-7.734171e-06	-1.008516e-08	-5.676444e+01	-6.593390e+02
9.000000e-08	-7.708817e-06	-1.013481e-08	-5.657836e+01	-6.586725e+02
1.000000e-07	-7.680300e-06	-1.009822e-08	-5.636906e+01	-6.579672e+02
1.100000e-07	-7.649060e-06	-1.005307e-08	-5.613977e+01	-6.572283e+02
1.200000e-07	-7.615104e-06	-1.003266e-08	-5.589056e+01	-6.564595e+02
1.300000e-07	-7.578583e-06	-1.000199e-08	-5.562251e+01	-6.556633e+02
1.400000e-07	-7.540010e-06	-9.979649e-09	-5.533941e+01	-6.548408e+02
1.500000e-07	-7.499141e-06	-1.002907e-08	-5.503946e+01	-6.539912e+02
1.600000e-07	-7.455499e-06	-1.002710e-08	-5.471915e+01	-6.531112e+02
1.700000e-07	-7.409256e-06	-9.907951e-09	-5.437975e+01	-6.521942e+02
1.800000e-07	-7.360256e-06	-9.952268e-09	-5.402012e+01	-6.512306e+02
1.900000e-07	-7.308159e-06	-9.921033e-09	-5.363775e+01	-6.502077e+02
2.000000e-07	-7.253266e-06	-9.884003e-09	-5.323487e+01	-6.491112e+02
2.100000e-07	-7.195720e-06	-9.912222e-09	-5.281252e+01	-6.479273e+02
2.200000e-07	-7.135602e-06	-9.836524e-09	-5.237129e+01	-6.466446e+02
2.300000e-07	-7.072964e-06	-9.834641e-09	-5.191156e+01	-6.452562e+02
2.400000e-07	-7.007598e-06	-9.798176e-09	-5.143181e+01	-6.437612e+02
2.500000e-07	-6.939633e-06	-9.792783e-09	-5.093299e+01	-6.421646e+02
2.600000e-07	-6.869205e-06	-9.778834e-09	-5.041608e+01	-6.404761e+02
2.700000e-07	-6.796221e-06	-9.724079e-09	-4.988042e+01	-6.387080e+02
2.800000e-07	-6.720646e-06	-9.689650e-09	-4.932574e+01	-6.368716e+02
2.900000e-07	-6.642407e-06	-9.660349e-09	-4.875152e+01	-6.349753e+02
3.000000e-07	-6.561502e-06	-9.670331e-09	-4.815771e+01	-6.330214e+02
3.100000e-07	-6.478253e-06	-9.613958e-09	-4.754671e+01	-6.310069e+02
3.200000e-07	-6.392930e-06	-9.577427e-09	-4.692049e+01	-6.289234e+02
3.300000e-07	-6.305454e-06	-9.551604e-09	-4.627847e+01	-6.267603e+02
3.400000e-07	-6.215651e-06	-9.494043e-09	-4.561937e+01	-6.245078e+02
3.500000e-07	-6.123593e-06	-9.477303e-09	-4.494371e+01	-6.221600e+02
3.600000e-07	-6.029468e-06	-9.449438e-09	-4.425289e+01	-6.197166e+02
3.700000e-07	-5.933175e-06	-9.405194e-09	-4.354615e+01	-6.171840e+02
3.800000e-07	-5.834604e-06	-9.343329e-09	-4.282270e+01	-6.145730e+02
3.900000e-07	-5.733933e-06	-9.312743e-09	-4.208383e+01	-6.118970e+02
4.000000e-07	-5.631282e-06	-9.286238e-09	-4.133043e+01	-6.091672e+02
4.100000e-07	-5.526564e-06	-9.241564e-09	-4.056186e+01	-6.063904e+02
4.200000e-07	-5.419714e-06	-9.196247e-09	-3.977764e+01	-6.035662e+02
4.300000e-07	-5.310900e-06	-9.145978e-09	-3.897901e+01	-6.006868e+02
4.400000e-07	-5.200209e-06	-9.101560e-09	-3.816660e+01	-5.977389e+02
4.500000e-07	-5.087578e-06	-9.056071e-09	-3.733995e+01	-5.947065e+02
4.600000e-07	-4.972981e-06	-9.017932e-09	-3.649887e+01	-5.915751e+02
4.700000e-07	-4.856425e-06	-8.967070e-09	-3.564342e+01	-5.883345e+02
4.800000e-07	-4.738027e-06	-8.903113e-09	-3.477444e+01	-5.849816e+02
4.900000e-07	-4.617903e-06	-8.848513e-09	-3.389280e+01	-5.815195e+02
5.000000e-07	-4.496140e-06	-8.805515e-09	-3.299913e+01	-5.779565e+02
5.100000e-07	-4.372666e-06	-8.754368e-09	-3.209290e+01	-5.743022e+02
5.200000e-07	-4.247605e-06	-8.687871e-09	-3.117502e+01	-5.705635e+02
5.300000e-07	-4.121095e-06	-8.622801e-09	-3.024651e+01	-5.667421e+02
5.400000e-07	-3.993121e-06	-8.563415e-09	-2.930725e+01	-5.628322e+02
5.500000e-07	-3.863805e-06	-8.505015e-09	-2.835815e+01	-5.588214e+02
5.600000e-07	-3.733043e-06	-8.446969e-09	-2.739842e+01	-5.546926e+02
5.700000e-07	-3.600774e-06	-8.380440e-09	-2.642765e+01	-5.504287e+02
5.800000e-07	-3.467189e-06	-8.304417e-09	-2.544721e+01	-5.460157e+02
5.900000e-07	-3.332397e-06	-8.228690e-09	-2.445791e+01	-5.414462e+02
6.000000e-07	-3.196404e-06	-8.164232e-09	-2.345980e+01	-5.367207e+02
6.100000e-07	-3.059291e-06	-8.098150e-09	-2.245346e+01	-5.318470e+02
6.200000e-07	-2.920989e-06	-8.018624e-09	-2.143841e+01	-5.268367e+02
6.300000e-07	-2.781351e-06	-7.933338e-09	-2.041354e+01	-5.217016e+02
6.400000e-07	-2.640518e-06	-7.850575e-09	-1.937991e+01	-5.164495e+02
6.500000e-07	-2.498686e-06	-7.773227e-09	-1.833894e+01	-5.110812e+02
6.600000e-07	-2.355954e-06	-7.689998e-09	-1.729137e+01	-5.055893e+02
6.700000e-07	-2.212385e-06	-7.601981e-09	-1.623766e+01	-4.999590e+02
6.800000e-07	-2.067896e-06	-7.509566e-09	-1.517719e+01	-4.941716e+02
6.900000e-07	-1.922560e-06	-7.416718e-09	-1.411051e+01	-4.882079e+02
7.000000e-07	-1.776630e-06	-7.324808e-09	-1.303946e+01	-4.820515e+02
7.100000e-07	-1.630127e-06	-7.233295e-09	-1.196421e+01	-4.756918e+02
7.200000e-07	-1.483061e-06	-7.132386e-09	-1.088483e+01	-4.691236e+02
7.300000e-07	-1.335484e-06	-7.023627e-09	-9.801698e+00	-4.623456e+02
7.400000e-07	-1.187456e-06	-6.916890e-09	-8.715254e+00	-4.553569e+02
7.500000e-07	-1.039061e-06	-6.809425e-09	-7.626122e+00	-4.481531e+02
7.600000e-07	-8.903097e-07	-6.698250e-09	-6.534370e+00	-4.407228e+02
7.700000e-07	-7.413056e-07	-6.576370e-09	-5.440764e+00	-4.330463e+02
7.800000e-07	-5.920791e-07	-6.450935e-09	-4.345526e+00	-4.250959e+02
7.900000e-07	-4.426650e-07	-6.323525e-09	-3.248911e+00	-4.168382e+02
8.000000e-07	-2.931371e-07	-6.194774e-09	-2.151460e+00	-4.082387e+02
8.100000e-07	-1.435135e-07	-6.060000e-09	-1.053308e+00	-3.992654e+02
8.200000e-07	6.182557e-09	-5.916554e-09	4.537648e-02	-3.898920e+02
8.300000e-07	1.559079e-07	-5.765367e-09	1.144276e+00	-3.801001e+02
8.400000e-07	3.055617e-07	-5.607897e-09	2.242650e+00	-3.698778e+02
8.500000e-07	4.550972e-07	-5.445871e-09	3.340156e+00	-3.592176e+02
8.600000e-07	6.044765e-07	-5.275904e-09	4.436516e+00	-3.481127e+02
8.700000e-07	7.536408e-07	-5.099330e-09	5.531298e+00	-3.365538e+02
8.800000e-07	9.025619e-07	-4.914452e-09	6.624294e+00	-3.245255e+02
8.900000e-07	1.051250e-06	-4.723042e-09	7.715577e+00	-3.120049e+02
9.000000e-07	1.199618e-06	-4.525070e-09	8.804521e+00	-2.989608e+02
9.100000e-07	1.347575e-06	-4.318793e-09	9.890437e+00	-2.853527e+02
9.200000e-07	1.495051e-06	-4.102137e-09	1.097283e+01	-2.711296e+02
9.300000e-07	1.641949e-06	-3.876227e-09	1.205098e+01	-2.562261e+02
9.400000e-07	1.788240e-06	-3.639631e-09	1.312467e+01	-2.405579e+02
9.500000e-07	1.933931e-06	-3.387647e-09	1.419396e+01	-2.240148e+02
9.600000e-07	2.078973e-06	-3.121252e-09	1.525849e+01	-2.064552e+02
9.700000e-07	2.223224e-06	-2.835135e-09	1.631720e+01	-1.877033e+02
9.800000e-07	2.366614e-06	-2.525218e-09	1.736961e+01	-1.675516e+02
9.900000e-07	2.509137e-06	-2.189246e-09	1.841564e+01	-1.457723e+02
1.000000e-06	2.650723e-06	-1.825315e-09	1.945481e+01	-1.221363e+02
1.010000e-06	2.791331e-06	-1.433614e-09	2.048680e+01	-9.644067e+01
1.020000e-06	2.930827e-06	-1.008717e-09	2.151061e+01	-6.854111e+01
1.030000e-06	3.069081e-06	-5.497352e-10	2.252532e+01	-3.838421e+01
1.040000e-06	3.206218e-06	-5.508067e-11	2.353183e+01	-6.035155e+00
1.050000e-06	3.342184e-06	4.690054e-10	2.452974e+01	2.830533e+01
1.060000e-06	3.476832e-06	1.018640e-09	2.551798e+01	6.429867e+01
1.070000e-06	3.610276e-06	1.584084e-09	2.649739e+01	1.014827e+02
1.080000e-06	3.742506e-06	2.158545e-09	2.746788e+01	1.393018e+02
1.090000e-06	3.873277e-06	2.735746e-09	2.842766e+01	1.771493e+02
1.100000e-06	4.002626e-06	3.303761e-09	2.937701e+01	2.144165e+02
1.110000e-06	4.130634e-06	3.851484e-09	3.031652e+01	2.505411e+02
1.120000e-06	4.257154e-06	4.372073e-09	3.124510e+01	2.850489e+02
1.130000e-06	4.382219e-06	4.866046e-09	3.216301e+01	3.175821e+02
1.140000e-06	4.505759e-06	5.326960e-09	3.306972e+01	3.479127e+02
1.150000e-06	4.627661e-06	5.752978e-09	3.396441e+01	3.759387e+02
1.160000e-06	4.747900e-06	6.142047e-09	3.484690e+01	4.016678e+02
1.170000e-06	4.866408e-06	6.497953e-09	3.571669e+01	4.251900e+02
1.180000e-06	4.983119e-06	6.821375e-09	3.657328e+01	4.466479e+02
1.190000e-06	5.097887e-06	7.119607e-09	3.741561e+01	4.662074e+02
1.200000e-06	5.210648e-06	7.392481e-09	3.824321e+01	4.840346e+02
1.210000e-06	5.321486e-06	7.636148e-09	3.905670e+01	5.002808e+02
1.220000e-06	5.430525e-06	7.854507e-09	3.985699e+01	5.150765e+02
1.230000e-06	5.537672e-06	8.053162e-09	4.064338e+01	5.285325e+02
1.240000e-06	5.642784e-06	8.238307e-09	4.141484e+01	5.407460e+02
1.250000e-06	5.745848e-06	8.406562e-09	4.217127e+01	5.518082e+02
1.260000e-06	5.846875e-06	8.558251e-09	4.291276e+01	5.618112e+02
1.270000e-06	5.945769e-06	8.697131e-09	4.363859e+01	5.708514e+02
1.280000e-06	6.042397e-06	8.824537e-09	4.434778e+01	5.790300e+02
1.290000e-06	6.136862e-06	8.938577e-09	4.504110e+01	5.864495e+02
1.300000e-06	6.229262e-06	9.038571e-09	4.571926e+01	5.932089e+02
1.310000e-06	6.319484e-06	9.129569e-09	4.638144e+01	5.993981e+02
1.320000e-06	6.407438e-06	9.214648e-09	4.702697e+01	6.050935e+02
1.330000e-06	6.493184e-06	9.294342e-09	4.765630e+01	6.103562e+02
1.340000e-06	6.576703e-06	9.368171e-09	4.826928e+01	6.152319e+02
1.350000e-06	6.657868e-06	9.436112e-09	4.886499e+01	6.197537e+02
1.360000e-06	6.736593e-06	9.497741e-09	4.944279e+01	6.239453e+02
1.370000e-06	6.812875e-06	9.553344e-09	5.000265e+01	6.278248e+02
1.380000e-06	6.886582e-06	9.605594e-09	5.054362e+01	6.314085e+02
1.390000e-06	6.957715e-06	9.656077e-09	5.106570e+01	6.347125e+02
1.400000e-06	7.026439e-06	9.702878e-09	5.157009e+01	6.377537e+02
1.410000e-06	7.092650e-06	9.743247e-09	5.205604e+01	6.405494e+02
1.420000e-06	7.156232e-06	9.780525e-09	5.252270e+01	6.431173e+02
1.430000e-06	7.217361e-06	9.814805e-09	5.297135e+01	6.454740e+02
1.440000e-06	7.276059e-06	9.846125e-09	5.340216e+01	6.476350e+02
1.450000e-06	7.332134e-06	9.876408e-09	5.381372e+01	6.496145e+02
1.460000e-06	7.385487e-06	9.903685e-09	5.420530e+01	6.514257e+02
1.470000e-06	7.435838e-06	9.928492e-09	5.457485e+01	6.530814e+02
1.480000e-06	7.483187e-06	9.950201e-09	5.492237e+01	6.545939e+02
1.490000e-06	7.527932e-06	9.969677e-09	5.525077e+01	6.559749e+02
1.500000e-06	7.570048e-06	9.988879e-09	5.555988e+01	6.572353e+02
1.510000e-06	7.609384e-06	1.000738e-08	5.584858e+01	6.583843e+02
1.520000e-06	7.646119e-06	1.002372e-08	5.611819e+01	6.594288e+02
1.530000e-06	7.680257e-06	1.003848e-08	5.636875e+01	6.603733e+02
1.540000e-06	7.711644e-06	1.005112e-08	5.659911e+01	6.612204e+02
1.550000e-06	7.740379e-06	1.006243e-08	5.681001e+01	6.619712e+02
1.560000e-06	7.766335e-06	1.007188e-08	5.700051e+01	6.626267e+02
1.570000e-06	7.789402e-06	1.007890e-08	5.716981e+01	6.631887e+02
1.580000e-06	7.809846e-06	1.008505e-08	5.731986e+01	6.636606e+02
1.590000e-06	7.827626e-06	1.008998e-08	5.745035e+01	6.640476e+02
1.600000e-06	7.842554e-06	1.009540e-08	5.755991e+01	6.643557e+02
1.610000e-06	7.854534e-06	1.010041e-08	5.764784e+01	6.645915e+02
1.620000e-06	7.863421e-06	1.010356e-08	5.771307e+01	6.647602e+02
1.630000e-06	7.869411e-06	1.010459e-08	5.775703e+01	6.648651e+02
1.640000e-06	7.872689e-06	1.010601e-08	5.778109e+01	6.649066e+02
1.650000e-06	7.873189e-06	1.011116e-08	5.778476e+01	6.648830e+02
1.660000e-06	7.871077e-06	1.010781e-08	5.776926e+01	6.647906e+02
1.670000e-06	7.866455e-06	1.010453e-08	5.773533e+01	6.646256e+02
1.680000e-06	7.859121e-06	1.010089e-08	5.768151e+01	6.643847e+02
1.690000e-06	7.849154e-06	1.009782e-08	5.760835e+01	6.640671e+02
1.700000e-06	7.836472e-06	1.009415e-08	5.751527e+01	6.636743e+02
1.710000e-06	7.821068e-06	1.009522e-08	5.740222e+01	6.632107e+02
1.720000e-06	7.803251e-06	1.010979e-08	5.727145e+01	6.626823e+02
1.730000e-06	7.783108e-06	1.008446e-08	5.712362e+01	6.620966e+02
1.740000e-06	7.759961e-06	9.995280e-09	5.695373e+01	6.614610e+02
1.750000e-06	7.733132e-06	1.001655e-08	5.675682e+01	6.607825e+02
1.760000e-06	7.702937e-06	1.003746e-08	5.653520e+01	6.600668e+02
1.770000e-06	7.670111e-06	1.002264e-08	5.629428e+01	6.593187e+02
1.780000e-06	7.635149e-06	1.004395e-08	5.603768e+01	6.585416e+02
1.790000e-06	7.598030e-06	1.005514e-08	5.576524e+01	6.577375e+02
1.800000e-06	7.558699e-06	9.959700e-09	5.547658e+01	6.569071e+02
1.810000e-06	7.516905e-06	9.989860e-09	5.516983e+01	6.560490e+02
1.820000e-06	7.472578e-06	1.002387e-08	5.484450e+01	6.551589e+02
1.830000e-06	7.425611e-06	9.922603e-09	5.449979e+01	6.542295e+02
1.840000e-06	7.375773e-06	1.000525e-08	5.413401e+01	6.532500e+02
1.850000e-06	7.323148e-06	9.897276e-09	5.374777e+01	6.522072e+02
1.860000e-06	7.267608e-06	9.912408e-09	5.334014e+01	6.510868e+02
1.870000e-06	7.209441e-06	9.946234e-09	5.291322e+01	6.498753e+02
1.880000e-06	7.148819e-06	9.847247e-09	5.246829e+01	6.485625e+02
1.890000e-06	7.085391e-06	9.907912e-09	5.200276e+01	6.471432e+02
1.900000e-06	7.019335e-06	9.796742e-09	5.151795e+01	6.456181e+02
1.910000e-06	6.950686e-06	9.821604e-09	5.101411e+01	6.439938e+02
1.920000e-06	6.879360e-06	9.798226e-09	5.049062e+01	6.422810e+02
1.930000e-06	6.805448e-06	9.751316e-09	4.994814e+01	6.404920e+02
1.940000e-06	6.728887e-06	9.764266e-09	4.938623e+01	6.386376e+02
1.950000e-06	6.649742e-06	9.666582e-09	4.880535e+01	6.367244e+02
1.960000e-06	6.568150e-06	9.716706e-09	4.820651e+01	6.347535e+02
1.970000e-06	6.484328e-06	9.617257e-09	4.759130e+01	6.327200e+02
1.980000e-06	6.398135e-06	9.617948e-09	4.695870e+01	6.306145e+02
1.990000e-06	6.309506e-06	9.596614e-09	4.630821e+01	6.284265e+02
2.000000e-06	6.218727e-06	9.542693e-09	4.564194e+01	6.261468e+02
2.010000e-06	6.125831e-06	9.523635e-09	4.496014e+01	6.237711e+02
2.020000e-06	6.030682e-06	9.447703e-09	4.426179e+01	6.213010e+02
2.030000e-06	5.933327e-06	9.448184e-09	4.354727e+01	6.187444e+02
2.040000e-06	5.833892e-06	9.377440e-09	4.281747e+01	6.161132e+02
2.050000e-06	5.732413e-06	9.373538e-09	4.207267e+01	6.134205e+02
2.060000e-06	5.628901e-06	9.307316e-09	4.131295e+01	6.106766e+02
2.070000e-06	5.523346e-06	9.259809e-09	4.053823e+01	6.078863e+02
2.080000e-06	5.415886e-06	9.210974e-09	3.974955e+01	6.050470e+02
2.090000e-06	5.306517e-06	9.183243e-09	3.894683e+01	6.021493e+02
2.100000e-06	5.195156e-06	9.152882e-09	3.812951e+01	5.991786e+02
2.110000e-06	5.081843e-06	9.080136e-09	3.729786e+01	5.961189e+02
2.120000e-06	4.966621e-06	9.029169e-09	3.645219e+01	5.929568e+02
2.130000e-06	4.849412e-06	8.977574e-09	3.559194e+01	5.896838e+02
2.140000e-06	4.730168e-06	8.952142e-09	3.471676e+01	5.862988e+02
2.150000e-06	4.609108e-06	8.895355e-09	3.382825e+01	5.828066e+02
2.160000e-06	4.486492e-06	8.841233e-09	3.292832e+01	5.792163e+02
2.170000e-06	4.362367e-06	8.766770e-09	3.201731e+01	5.755370e+02
2.180000e-06	4.236678e-06	8.715466e-09	3.109483e+01	5.717745e+02
2.190000e-06	4.109403e-06	8.669187e-09	3.016070e+01	5.679284e+02
2.200000e-06	3.980599e-06	8.620797e-09	2.921534e+01	5.639909e+02
2.210000e-06	3.850419e-06	8.542775e-09	2.825990e+01	5.599479e+02
2.220000e-06	3.718893e-06	8.467592e-09	2.729457e+01	5.557819e+02
2.230000e-06	3.586055e-06	8.412365e-09	2.631962e+01	5.514762e+02
2.240000e-06	3.452080e-06	8.359683e-09	2.533632e+01	5.470186e+02
2.250000e-06	3.316834e-06	8.291409e-09	2.434369e+01	5.424038e+02
2.260000e-06	3.180225e-06	8.203506e-09	2.334106e+01	5.376346e+02
2.270000e-06	3.042489e-06	8.121810e-09	2.233015e+01	5.327203e+02
2.280000e-06	2.903727e-06	8.049990e-09	2.131171e+01	5.276729e+02
2.290000e-06	2.763845e-06	7.986931e-09	2.028506e+01	5.225035e+02
2.300000e-06	2.622924e-06	7.909117e-09	1.925078e+01	5.172182e+02
2.310000e-06	2.481047e-06	7.819656e-09	1.820948e+01	5.118154e+02
2.320000e-06	2.338153e-06	7.724412e-09	1.716072e+01	5.062854e+02
2.330000e-06	2.194263e-06	7.643756e-09	1.610465e+01	5.006119e+02
2.340000e-06	2.049589e-06	7.566303e-09	1.504283e+01	4.947757e+02
2.350000e-06	1.904284e-06	7.478152e-09	1.397637e+01	4.887580e+02
2.360000e-06	1.758355e-06	7.374958e-09	1.290533e+01	4.825441e+02
2.370000e-06	1.611837e-06	7.269576e-09	1.182997e+01	4.761248e+02
2.380000e-06	1.464787e-06	7.171381e-09	1.075071e+01	4.694964e+02
2.390000e-06	1.317231e-06	7.076701e-09	9.667729e+00	4.626581e+02
2.400000e-06	1.169182e-06	6.972298e-09	8.581133e+00	4.556083e+02
2.410000e-06	1.020724e-06	6.854562e-09	7.491535e+00	4.483410e+02
2.420000e-06	8.718878e-07	6.735099e-09	6.399163e+00	4.408425e+02
2.430000e-06	7.226980e-07	6.620476e-09	5.304195e+00	4.330905e+02
2.440000e-06	5.732698e-07	6.506772e-09	4.207476e+00	4.250555e+02
2.450000e-06	4.237140e-07	6.381589e-09	3.109822e+00	4.167034e+02
2.460000e-06	2.740546e-07	6.243382e-09	2.011406e+00	4.079998e+02
2.470000e-06	1.243303e-07	6.099233e-09	9.125145e-01	3.989142e+02
2.480000e-06	-2.540505e-08	5.956639e-09	-1.864587e-01	3.894225e+02
2.490000e-06	-1.751248e-07	5.813754e-09	-1.285317e+00	3.795083e+02
2.500000e-06	-3.248000e-07	5.661366e-09	-2.383849e+00	3.691612e+02
2.510000e-06	-4.743668e-07	5.495226e-09	-3.481584e+00	3.583743e+02
2.520000e-06	-6.237964e-07	5.320526e-09	-4.578313e+00	3.471406e+02
2.530000e-06	-7.730077e-07	5.144321e-09	-5.673440e+00	3.354491e+02
2.540000e-06	-9.219030e-07	4.962656e-09	-6.766247e+00	3.232825e+02
2.550000e-06	-1.070430e-06	4.768117e-09	-7.856352e+00	3.106156e+02
2.560000e-06	-1.218528e-06	4.561564e-09	-8.943309e+00	2.974146e+02
2.570000e-06	-1.366159e-06	4.347767e-09	-1.002683e+01	2.836362e+02
2.580000e-06	-1.513301e-06	4.128591e-09	-1.110677e+01	2.692258e+02
2.590000e-06	-1.659872e-06	3.901668e-09	-1.218252e+01	2.541131e+02
2.600000e-06	-1.805873e-06	3.661482e-09	-1.325409e+01	2.382072e+02
2.610000e-06	-1.951343e-06	3.402906e-09	-1.432175e+01	2.213893e+02
2.620000e-06	-2.096168e-06	3.127262e-09	-1.538469e+01	2.035081e+02
2.630000e-06	-2.240126e-06	2.835855e-09	-1.644126e+01	1.843783e+02
2.640000e-06	-2.383067e-06	2.524835e-09	-1.749036e+01	1.637850e+02
2.650000e-06	-2.525075e-06	2.184678e-09	-1.853262e+01	1.414977e+02
2.660000e-06	-2.666254e-06	1.811783e-09	-1.956880e+01	1.172917e+02
2.670000e-06	-2.806419e-06	1.409164e-09	-2.059753e+01	9.097740e+01
2.680000e-06	-2.945402e-06	9.766027e-10	-2.161759e+01	6.243327e+01
2.690000e-06	-3.083300e-06	5.124754e-10	-2.262968e+01	3.163735e+01
2.700000e-06	-3.220108e-06	1.306999e-11	-2.363377e+01	-1.307606e+00
2.710000e-06	-3.355693e-06	-5.180716e-10	-2.462889e+01	-3.616102e+01
2.720000e-06	-3.490009e-06	-1.075499e-09	-2.561469e+01	-7.254680e+01
2.730000e-06	-3.623100e-06	-1.648590e-09	-2.659151e+01	-1.099724e+02
2.740000e-06	-3.754877e-06	-2.226700e-09	-2.755867e+01	-1.478628e+02
2.750000e-06	-3.885349e-06	-2.803458e-09	-2.851627e+01	-1.856058e+02
2.760000e-06	-4.014576e-06	-3.371777e-09	-2.946472e+01	-2.226011e+02
2.770000e-06	-4.142295e-06	-3.922269e-09	-3.040211e+01	-2.583078e+02
2.780000e-06	-4.268466e-06	-4.440701e-09	-3.132813e+01	-2.922826e+02
2.790000e-06	-4.393188e-06	-4.926489e-09	-3.224352e+01	-3.242044e+02
2.800000e-06	-4.516326e-06	-5.379277e-09	-3.314728e+01	-3.538821e+02
2.810000e-06	-4.637893e-06	-5.797236e-09	-3.403951e+01	-3.812472e+02
2.820000e-06	-4.757734e-06	-6.182251e-09	-3.491908e+01	-4.063340e+02
2.830000e-06	-4.875710e-06	-6.535735e-09	-3.578496e+01	-4.292507e+02
2.840000e-06	-4.991746e-06	-6.859798e-09	-3.663659e+01	-4.501492e+02
2.850000e-06	-5.105672e-06	-7.153768e-09	-3.747275e+01	-4.691975e+02
2.860000e-06	-5.217583e-06	-7.420597e-09	-3.829411e+01	-4.865587e+02
2.870000e-06	-5.327552e-06	-7.666317e-09	-3.910122e+01	-5.023784e+02
2.880000e-06	-5.435655e-06	-7.891308e-09	-3.989463e+01	-5.167811e+02
2.890000e-06	-5.541974e-06	-8.093058e-09	-4.067496e+01	-5.298729e+02
2.900000e-06	-5.646380e-06	-8.272592e-09	-4.144124e+01	-5.417486e+02
2.910000e-06	-5.748658e-06	-8.435231e-09	-4.219190e+01	-5.524989e+02
2.920000e-06	-5.848772e-06	-8.584662e-09	-4.292668e+01	-5.622170e+02
2.930000e-06	-5.946897e-06	-8.720912e-09	-4.364686e+01	-5.710009e+02
2.940000e-06	-6.042982e-06	-8.844411e-09	-4.435207e+01	-5.789526e+02
2.950000e-06	-6.136867e-06	-8.953723e-09	-4.504114e+01	-5.861740e+02
2.960000e-06	-6.228579e-06	-9.054420e-09	-4.571425e+01	-5.927621e+02
2.970000e-06	-6.318147e-06	-9.148587e-09	-4.637163e+01	-5.988034e+02
2.980000e-06	-6.405488e-06	-9.234963e-09	-4.701266e+01	-6.043699e+02
2.990000e-06	-6.490444e-06	-9.313725e-09	-4.763619e+01	-6.095183e+02
3.000000e-06	-6.573125e-06	-9.387500e-09	-4.824302e+01	-6.142904e+02
3.010000e-06	-6.653509e-06	-9.456842e-09	-4.883299e+01	-6.187160e+02
3.020000e-06	-6.731335e-06	-9.520854e-09	-4.940419e+01	-6.228170e+02
3.030000e-06	-6.806567e-06	-9.581964e-09	-4.995635e+01	-6.266108e+02
3.040000e-06	-6.879336e-06	-9.637775e-09	-5.049044e+01	-6.301132e+02
3.050000e-06	-6.949654e-06	-9.688259e-09	-5.100653e+01	-6.333406e+02
3.060000e-06	-7.017443e-06	-9.734450e-09	-5.150407e+01	-6.363102e+02
3.070000e-06	-7.082764e-06	-9.778225e-09	-5.198349e+01	-6.390394e+02
3.080000e-06	-7.145619e-06	-9.818029e-09	-5.244480e+01	-6.415456e+02
3.090000e-06	-7.205850e-06	-9.853993e-09	-5.288687e+01	-6.438452e+02
3.100000e-06	-7.263450e-06	-9.885819e-09	-5.330962e+01	-6.459532e+02
3.110000e-06	-7.318393e-06	-9.913915e-09	-5.371287e+01	-6.478836e+02
3.120000e-06	-7.370466e-06	-9.941697e-09	-5.409506e+01	-6.496494e+02
3.130000e-06	-7.419511e-06	-9.968699e-09	-5.445502e+01	-6.512633e+02
3.140000e-06	-7.465703e-06	-9.992811e-09	-5.479404e+01	-6.527373e+02
3.150000e-06	-7.509447e-06	-1.001266e-08	-5.511510e+01	-6.540832e+02
3.160000e-06	-7.550786e-06	-1.002847e-08	-5.541850e+01	-6.553113e+02
3.170000e-06	-7.589477e-06	-1.004533e-08	-5.570247e+01	-6.564301e+02
3.180000e-06	-7.625470e-06	-1.006177e-08	-5.596664e+01	-6.574460e+02
3.190000e-06	-7.658847e-06	-1.007556e-08	-5.621161e+01	-6.583628e+02
3.200000e-06	-7.689431e-06	-1.008788e-08	-5.643608e+01	-6.591826e+02
3.210000e-06	-7.717176e-06	-1.009968e-08	-5.663971e+01	-6.599063e+02
3.220000e-06	-7.742291e-06	-1.011144e-08	-5.682404e+01	-6.605352e+02
3.230000e-06	-7.764639e-06	-1.012072e-08	-5.698806e+01	-6.610713e+02
3.240000e-06	-7.784218e-06	-1.012771e-08	-5.713176e+01	-6.615187e+02
3.250000e-06	-7.801116e-06	-1.013103e-08	-5.725578e+01	-6.618828e+02
3.260000e-06	-7.815023e-06	-1.013413e-08	-5.735785e+01	-6.621700e+02
3.270000e-06	-7.825947e-06	-1.013860e-08	-5.743803e+01	-6.623865e+02
3.280000e-06	-7.834123e-06	-1.014258e-08	-5.749803e+01	-6.625370e+02
3.290000e-06	-7.839462e-06	-1.014267e-08	-5.753722e+01	-6.626242e+02
3.300000e-06	-7.842002e-06	-1.013828e-08	-5.755586e+01	-6.626477e+02
3.310000e-06	-7.841882e-06	-1.013697e-08	-5.755498e+01	-6.626051e+02
