# Temperatura_=_20.0
# Concentracion g/m^3_=_8460.0
# C_Vs_to_Am_M_A/Vsm_=_65563218390.804596
# pendiente_HvsI_1/m_=_3716.3
# ordenada_HvsI_A/m_=_1297.0
# frecuencia_Hz_=_301626.9656761753

Tiempo_(s)	Campo_(V.s)	Magnetizacion_(V.s)	Campo_(kA/m)	Magnetizacion_(A/m)
0.000000e+00	-7.946739e-06	-8.988577e-09	-5.758518e+01	-5.879848e+02
1.000000e-08	-7.943297e-06	-8.986527e-09	-5.756024e+01	-5.878197e+02
2.000000e-08	-7.937318e-06	-8.982431e-09	-5.751691e+01	-5.876302e+02
3.000000e-08	-7.928704e-06	-8.979090e-09	-5.745450e+01	-5.874275e+02
4.000000e-08	-7.917265e-06	-8.974985e-09	-5.737160e+01	-5.872149e+02
5.000000e-08	-7.902906e-06	-8.970025e-09	-5.726755e+01	-5.869873e+02
6.000000e-08	-7.885704e-06	-8.966647e-09	-5.714290e+01	-5.867333e+02
7.000000e-08	-7.866106e-06	-8.964046e-09	-5.700089e+01	-5.864395e+02
8.000000e-08	-7.844101e-06	-8.987178e-09	-5.684143e+01	-5.860949e+02
9.000000e-08	-7.819086e-06	-8.995798e-09	-5.666016e+01	-5.856949e+02
1.000000e-07	-7.790915e-06	-8.964320e-09	-5.645602e+01	-5.852431e+02
1.100000e-07	-7.759914e-06	-8.940604e-09	-5.623137e+01	-5.847504e+02
1.200000e-07	-7.726113e-06	-8.935738e-09	-5.598644e+01	-5.842324e+02
1.300000e-07	-7.689700e-06	-8.935551e-09	-5.572258e+01	-5.837040e+02
1.400000e-07	-7.651144e-06	-8.907989e-09	-5.544319e+01	-5.831755e+02
1.500000e-07	-7.610330e-06	-8.913104e-09	-5.514743e+01	-5.826491e+02
1.600000e-07	-7.566778e-06	-8.917226e-09	-5.483184e+01	-5.821182e+02
1.700000e-07	-7.520471e-06	-8.853895e-09	-5.449628e+01	-5.815687e+02
1.800000e-07	-7.471399e-06	-8.874108e-09	-5.414068e+01	-5.809835e+02
1.900000e-07	-7.419337e-06	-8.867193e-09	-5.376342e+01	-5.803471e+02
2.000000e-07	-7.364432e-06	-8.815326e-09	-5.336556e+01	-5.796497e+02
2.100000e-07	-7.306822e-06	-8.809315e-09	-5.294809e+01	-5.788895e+02
2.200000e-07	-7.246577e-06	-8.799675e-09	-5.251154e+01	-5.780733e+02
2.300000e-07	-7.183707e-06	-8.805092e-09	-5.205596e+01	-5.772130e+02
2.400000e-07	-7.118135e-06	-8.779243e-09	-5.158079e+01	-5.763223e+02
2.500000e-07	-7.050007e-06	-8.773554e-09	-5.108711e+01	-5.754115e+02
2.600000e-07	-6.979331e-06	-8.750104e-09	-5.057497e+01	-5.744844e+02
2.700000e-07	-6.905941e-06	-8.734043e-09	-5.004315e+01	-5.735367e+02
2.800000e-07	-6.829813e-06	-8.732708e-09	-4.949150e+01	-5.725574e+02
2.900000e-07	-6.750989e-06	-8.711724e-09	-4.892031e+01	-5.715323e+02
3.000000e-07	-6.669589e-06	-8.701228e-09	-4.833045e+01	-5.704483e+02
3.100000e-07	-6.585880e-06	-8.666354e-09	-4.772387e+01	-5.692979e+02
3.200000e-07	-6.500075e-06	-8.646947e-09	-4.710209e+01	-5.680815e+02
3.300000e-07	-6.412054e-06	-8.639813e-09	-4.646425e+01	-5.668081e+02
3.400000e-07	-6.321681e-06	-8.624579e-09	-4.580938e+01	-5.654926e+02
3.500000e-07	-6.229055e-06	-8.592799e-09	-4.513817e+01	-5.641519e+02
3.600000e-07	-6.134197e-06	-8.566160e-09	-4.445079e+01	-5.628000e+02
3.700000e-07	-6.037073e-06	-8.554663e-09	-4.374699e+01	-5.614438e+02
3.800000e-07	-5.937705e-06	-8.537132e-09	-4.302694e+01	-5.600815e+02
3.900000e-07	-5.836179e-06	-8.521437e-09	-4.229124e+01	-5.587026e+02
4.000000e-07	-5.732587e-06	-8.500039e-09	-4.154057e+01	-5.572909e+02
4.100000e-07	-5.626958e-06	-8.472940e-09	-4.077514e+01	-5.558287e+02
4.200000e-07	-5.519270e-06	-8.443633e-09	-3.999479e+01	-5.543015e+02
4.300000e-07	-5.409607e-06	-8.424390e-09	-3.920013e+01	-5.527009e+02
4.400000e-07	-5.297995e-06	-8.407358e-09	-3.839135e+01	-5.510265e+02
4.500000e-07	-5.184332e-06	-8.380370e-09	-3.756770e+01	-5.492843e+02
4.600000e-07	-5.068594e-06	-8.342023e-09	-3.672901e+01	-5.474844e+02
4.700000e-07	-4.950923e-06	-8.313395e-09	-3.587633e+01	-5.456372e+02
4.800000e-07	-4.831422e-06	-8.295482e-09	-3.501038e+01	-5.437498e+02
4.900000e-07	-4.710137e-06	-8.270915e-09	-3.413149e+01	-5.418244e+02
5.000000e-07	-4.587162e-06	-8.235005e-09	-3.324037e+01	-5.398583e+02
5.100000e-07	-4.462518e-06	-8.198537e-09	-3.233716e+01	-5.378458e+02
5.200000e-07	-4.336265e-06	-8.165464e-09	-3.142227e+01	-5.357807e+02
5.300000e-07	-4.208435e-06	-8.131164e-09	-3.049597e+01	-5.336596e+02
5.400000e-07	-4.079087e-06	-8.102921e-09	-2.955866e+01	-5.314833e+02
5.500000e-07	-3.948301e-06	-8.070055e-09	-2.861093e+01	-5.292566e+02
5.600000e-07	-3.816095e-06	-8.030680e-09	-2.765292e+01	-5.269861e+02
5.700000e-07	-3.682517e-06	-7.993898e-09	-2.668496e+01	-5.246771e+02
5.800000e-07	-3.547522e-06	-7.968195e-09	-2.570673e+01	-5.223300e+02
5.900000e-07	-3.411198e-06	-7.939596e-09	-2.471888e+01	-5.199384e+02
6.000000e-07	-3.273693e-06	-7.897065e-09	-2.372246e+01	-5.174885e+02
6.100000e-07	-3.135017e-06	-7.851007e-09	-2.271756e+01	-5.149616e+02
6.200000e-07	-2.995004e-06	-7.809937e-09	-2.170297e+01	-5.123388e+02
6.300000e-07	-2.853556e-06	-7.772792e-09	-2.067798e+01	-5.096053e+02
6.400000e-07	-2.710957e-06	-7.729561e-09	-1.964466e+01	-5.067553e+02
6.500000e-07	-2.567417e-06	-7.682634e-09	-1.860451e+01	-5.037937e+02
6.600000e-07	-2.422987e-06	-7.633123e-09	-1.755791e+01	-5.007350e+02
6.700000e-07	-2.277692e-06	-7.583910e-09	-1.650505e+01	-4.975999e+02
6.800000e-07	-2.131534e-06	-7.540635e-09	-1.544593e+01	-4.944088e+02
6.900000e-07	-1.984627e-06	-7.498962e-09	-1.438138e+01	-4.911759e+02
7.000000e-07	-1.837067e-06	-7.448845e-09	-1.331211e+01	-4.879041e+02
7.100000e-07	-1.688909e-06	-7.390419e-09	-1.223850e+01	-4.845835e+02
7.200000e-07	-1.540240e-06	-7.334265e-09	-1.116118e+01	-4.811931e+02
7.300000e-07	-1.391056e-06	-7.283690e-09	-1.008014e+01	-4.777053e+02
7.400000e-07	-1.241405e-06	-7.232783e-09	-8.995704e+00	-4.740935e+02
7.500000e-07	-1.091384e-06	-7.173909e-09	-7.908593e+00	-4.703375e+02
7.600000e-07	-9.409902e-07	-7.110472e-09	-6.818783e+00	-4.664282e+02
7.700000e-07	-7.901737e-07	-7.046985e-09	-5.725908e+00	-4.623680e+02
7.800000e-07	-6.390534e-07	-6.986420e-09	-4.630831e+00	-4.581670e+02
7.900000e-07	-4.877027e-07	-6.923548e-09	-3.534085e+00	-4.538368e+02
8.000000e-07	-3.361237e-07	-6.853338e-09	-2.435684e+00	-4.493830e+02
8.100000e-07	-1.844070e-07	-6.777007e-09	-1.336286e+00	-4.447992e+02
8.200000e-07	-3.262812e-08	-6.698770e-09	-2.364362e-01	-4.400642e+02
8.300000e-07	1.191800e-07	-6.624228e-09	8.636249e-01	-4.351445e+02
8.400000e-07	2.709390e-07	-6.550388e-09	1.963330e+00	-4.300000e+02
8.500000e-07	4.225470e-07	-6.469247e-09	3.061941e+00	-4.245934e+02
8.600000e-07	5.739198e-07	-6.378651e-09	4.158847e+00	-4.188991e+02
8.700000e-07	7.250061e-07	-6.286304e-09	5.253678e+00	-4.129089e+02
8.800000e-07	8.758090e-07	-6.195835e-09	6.346455e+00	-4.066338e+02
8.900000e-07	1.026301e-06	-6.101960e-09	7.436977e+00	-4.000983e+02
9.000000e-07	1.176463e-06	-5.996610e-09	8.525114e+00	-3.933316e+02
9.100000e-07	1.326252e-06	-5.883002e-09	9.610542e+00	-3.863547e+02
9.200000e-07	1.475524e-06	-5.768594e-09	1.069223e+01	-3.791692e+02
9.300000e-07	1.624238e-06	-5.656599e-09	1.176987e+01	-3.717499e+02
9.400000e-07	1.772376e-06	-5.542648e-09	1.284333e+01	-3.640431e+02
9.500000e-07	1.919922e-06	-5.419016e-09	1.391251e+01	-3.559712e+02
9.600000e-07	2.066860e-06	-5.286043e-09	1.497728e+01	-3.474417e+02
9.700000e-07	2.213092e-06	-5.143932e-09	1.603693e+01	-3.383567e+02
9.800000e-07	2.358583e-06	-4.994973e-09	1.709122e+01	-3.286184e+02
9.900000e-07	2.503234e-06	-4.836618e-09	1.813941e+01	-3.181286e+02
1.000000e-06	2.646916e-06	-4.659847e-09	1.918059e+01	-3.067778e+02
1.010000e-06	2.789659e-06	-4.464550e-09	2.021496e+01	-2.944286e+02
1.020000e-06	2.931393e-06	-4.251741e-09	2.124202e+01	-2.808949e+02
1.030000e-06	3.071904e-06	-4.020331e-09	2.226022e+01	-2.659241e+02
1.040000e-06	3.211204e-06	-3.764632e-09	2.326964e+01	-2.491906e+02
1.050000e-06	3.349330e-06	-3.475864e-09	2.427056e+01	-2.303053e+02
1.060000e-06	3.486163e-06	-3.145171e-09	2.526210e+01	-2.088452e+02
1.070000e-06	3.621597e-06	-2.768022e-09	2.624351e+01	-1.844015e+02
1.080000e-06	3.755743e-06	-2.345191e-09	2.721558e+01	-1.566410e+02
1.090000e-06	3.888626e-06	-1.871704e-09	2.817851e+01	-1.253710e+02
1.100000e-06	4.020071e-06	-1.341233e-09	2.913101e+01	-9.059604e+01
1.110000e-06	4.150069e-06	-7.549590e-10	3.007303e+01	-5.255480e+01
1.120000e-06	4.278565e-06	-1.244213e-10	3.100415e+01	-1.172910e+01
1.130000e-06	4.405498e-06	5.323811e-10	3.192396e+01	3.117990e+01
1.140000e-06	4.530923e-06	1.202072e-09	3.283284e+01	7.530578e+01
1.150000e-06	4.654749e-06	1.875245e-09	3.373013e+01	1.196940e+02
1.160000e-06	4.776968e-06	2.540558e-09	3.461578e+01	1.633899e+02
1.170000e-06	4.897495e-06	3.182720e-09	3.548917e+01	2.055248e+02
1.180000e-06	5.016178e-06	3.784823e-09	3.634919e+01	2.453856e+02
1.190000e-06	5.132980e-06	4.339719e-09	3.719558e+01	2.824597e+02
1.200000e-06	5.247792e-06	4.849368e-09	3.802755e+01	3.164500e+02
1.210000e-06	5.360513e-06	5.317958e-09	3.884437e+01	3.472609e+02
1.220000e-06	5.471269e-06	5.742800e-09	3.964696e+01	3.749616e+02
1.230000e-06	5.580258e-06	6.117889e-09	4.043674e+01	3.997364e+02
1.240000e-06	5.687339e-06	6.448632e-09	4.121268e+01	4.218316e+02
1.250000e-06	5.792360e-06	6.744379e-09	4.197371e+01	4.415104e+02
1.260000e-06	5.895278e-06	7.010925e-09	4.271949e+01	4.590203e+02
1.270000e-06	5.996017e-06	7.247021e-09	4.344949e+01	4.745770e+02
1.280000e-06	6.094527e-06	7.451136e-09	4.416333e+01	4.883624e+02
1.290000e-06	6.190777e-06	7.628828e-09	4.486079e+01	5.005331e+02
1.300000e-06	6.284843e-06	7.788045e-09	4.554243e+01	5.112333e+02
1.310000e-06	6.376753e-06	7.932503e-09	4.620845e+01	5.206064e+02
1.320000e-06	6.466377e-06	8.060918e-09	4.685790e+01	5.288013e+02
1.330000e-06	6.553689e-06	8.170726e-09	4.749060e+01	5.359716e+02
1.340000e-06	6.638780e-06	8.263268e-09	4.810720e+01	5.422696e+02
1.350000e-06	6.721639e-06	8.345280e-09	4.870763e+01	5.478362e+02
1.360000e-06	6.802106e-06	8.421574e-09	4.929072e+01	5.527911e+02
1.370000e-06	6.880079e-06	8.491057e-09	4.985575e+01	5.572270e+02
1.380000e-06	6.955434e-06	8.550336e-09	5.040180e+01	5.612084e+02
1.390000e-06	7.028126e-06	8.599780e-09	5.092855e+01	5.647757e+02
1.400000e-06	7.098333e-06	8.642764e-09	5.143730e+01	5.679542e+02
1.410000e-06	7.166049e-06	8.683672e-09	5.192800e+01	5.707630e+02
1.420000e-06	7.231126e-06	8.723420e-09	5.239957e+01	5.732243e+02
1.430000e-06	7.293647e-06	8.757064e-09	5.285262e+01	5.753680e+02
1.440000e-06	7.353695e-06	8.782480e-09	5.328775e+01	5.772329e+02
1.450000e-06	7.411126e-06	8.804071e-09	5.370392e+01	5.788629e+02
1.460000e-06	7.465914e-06	8.826026e-09	5.410093e+01	5.803020e+02
1.470000e-06	7.517856e-06	8.848131e-09	5.447733e+01	5.815877e+02
1.480000e-06	7.566724e-06	8.865753e-09	5.483145e+01	5.827475e+02
1.490000e-06	7.612749e-06	8.879460e-09	5.516496e+01	5.837969e+02
1.500000e-06	7.656100e-06	8.891878e-09	5.547910e+01	5.847419e+02
1.510000e-06	7.696695e-06	8.905181e-09	5.577327e+01	5.855827e+02
1.520000e-06	7.734595e-06	8.917669e-09	5.604790e+01	5.863192e+02
1.530000e-06	7.769880e-06	8.927279e-09	5.630359e+01	5.869549e+02
1.540000e-06	7.802384e-06	8.935946e-09	5.653913e+01	5.874995e+02
1.550000e-06	7.832151e-06	8.944343e-09	5.675483e+01	5.879673e+02
1.560000e-06	7.859206e-06	8.952631e-09	5.695088e+01	5.883754e+02
1.570000e-06	7.883358e-06	8.961137e-09	5.712590e+01	5.887384e+02
1.580000e-06	7.904758e-06	8.968964e-09	5.728097e+01	5.890653e+02
1.590000e-06	7.923516e-06	8.973577e-09	5.741690e+01	5.893571e+02
1.600000e-06	7.939396e-06	8.975853e-09	5.753198e+01	5.896071e+02
1.610000e-06	7.952266e-06	8.979187e-09	5.762523e+01	5.898038e+02
1.620000e-06	7.962080e-06	8.984049e-09	5.769635e+01	5.899351e+02
1.630000e-06	7.968926e-06	8.987314e-09	5.774596e+01	5.899928e+02
1.640000e-06	7.973000e-06	8.987811e-09	5.777548e+01	5.899760e+02
1.650000e-06	7.974281e-06	8.988573e-09	5.778476e+01	5.898921e+02
1.660000e-06	7.972832e-06	8.986562e-09	5.777426e+01	5.897552e+02
1.670000e-06	7.968831e-06	8.984718e-09	5.774527e+01	5.895822e+02
1.680000e-06	7.962118e-06	8.982118e-09	5.769662e+01	5.893882e+02
1.690000e-06	7.952741e-06	8.978348e-09	5.762868e+01	5.891827e+02
1.700000e-06	7.940744e-06	8.976594e-09	5.754174e+01	5.889667e+02
1.710000e-06	7.925937e-06	8.975026e-09	5.743444e+01	5.887332e+02
1.720000e-06	7.908569e-06	8.973595e-09	5.730859e+01	5.884701e+02
1.730000e-06	7.888871e-06	8.943147e-09	5.716585e+01	5.881641e+02
1.740000e-06	7.866269e-06	8.910668e-09	5.700206e+01	5.878053e+02
1.750000e-06	7.840083e-06	8.927329e-09	5.681231e+01	5.873913e+02
1.760000e-06	7.810378e-06	8.940540e-09	5.659706e+01	5.869275e+02
1.770000e-06	7.777852e-06	8.930071e-09	5.636136e+01	5.864266e+02
1.780000e-06	7.743105e-06	8.929200e-09	5.610957e+01	5.859042e+02
1.790000e-06	7.706116e-06	8.951491e-09	5.584153e+01	5.853747e+02
1.800000e-06	7.666889e-06	8.901991e-09	5.555728e+01	5.848465e+02
1.810000e-06	7.625282e-06	8.907631e-09	5.525578e+01	5.843195e+02
1.820000e-06	7.581122e-06	8.931218e-09	5.493578e+01	5.837850e+02
1.830000e-06	7.534337e-06	8.876692e-09	5.459676e+01	5.832278e+02
1.840000e-06	7.484688e-06	8.900867e-09	5.423698e+01	5.826307e+02
1.850000e-06	7.432171e-06	8.880381e-09	5.385642e+01	5.819793e+02
1.860000e-06	7.376722e-06	8.877674e-09	5.345462e+01	5.812655e+02
1.870000e-06	7.318534e-06	8.862278e-09	5.303296e+01	5.804900e+02
1.880000e-06	7.257863e-06	8.833912e-09	5.259332e+01	5.796611e+02
1.890000e-06	7.194399e-06	8.846063e-09	5.213343e+01	5.787916e+02
1.900000e-06	7.128135e-06	8.793322e-09	5.165326e+01	5.778947e+02
1.910000e-06	7.059249e-06	8.802592e-09	5.115408e+01	5.769794e+02
1.920000e-06	6.987769e-06	8.789102e-09	5.063611e+01	5.760473e+02
1.930000e-06	6.913619e-06	8.771491e-09	5.009879e+01	5.750925e+02
1.940000e-06	6.836719e-06	8.753737e-09	4.954155e+01	5.741027e+02
1.950000e-06	6.757214e-06	8.715015e-09	4.896542e+01	5.730636e+02
1.960000e-06	6.675284e-06	8.729270e-09	4.837172e+01	5.719630e+02
1.970000e-06	6.591028e-06	8.701862e-09	4.776117e+01	5.707953e+02
1.980000e-06	6.504334e-06	8.686763e-09	4.713295e+01	5.695631e+02
1.990000e-06	6.415317e-06	8.662293e-09	4.648790e+01	5.682772e+02
2.000000e-06	6.324143e-06	8.648021e-09	4.582722e+01	5.669535e+02
2.010000e-06	6.230707e-06	8.626715e-09	4.515014e+01	5.656084e+02
2.020000e-06	6.135032e-06	8.601952e-09	4.445684e+01	5.642547e+02
2.030000e-06	6.037234e-06	8.591942e-09	4.374816e+01	5.628971e+02
2.040000e-06	5.937281e-06	8.559741e-09	4.302386e+01	5.615314e+02
2.050000e-06	5.835078e-06	8.533295e-09	4.228326e+01	5.601456e+02
2.060000e-06	5.730733e-06	8.506819e-09	4.152714e+01	5.587224e+02
2.070000e-06	5.624434e-06	8.497799e-09	4.075685e+01	5.572448e+02
2.080000e-06	5.516174e-06	8.472414e-09	3.997236e+01	5.556993e+02
2.090000e-06	5.405880e-06	8.440213e-09	3.917312e+01	5.540796e+02
2.100000e-06	5.293552e-06	8.411138e-09	3.835915e+01	5.523870e+02
2.110000e-06	5.179218e-06	8.391193e-09	3.753064e+01	5.506290e+02
2.120000e-06	5.062852e-06	8.363913e-09	3.668741e+01	5.488159e+02
2.130000e-06	4.944506e-06	8.330342e-09	3.582983e+01	5.469577e+02
2.140000e-06	4.824298e-06	8.302958e-09	3.495875e+01	5.450604e+02
2.150000e-06	4.702362e-06	8.272337e-09	3.407516e+01	5.431248e+02
2.160000e-06	4.578744e-06	8.241504e-09	3.317937e+01	5.411473e+02
2.170000e-06	4.453446e-06	8.214700e-09	3.227142e+01	5.391217e+02
2.180000e-06	4.326600e-06	8.189481e-09	3.135223e+01	5.370424e+02
2.190000e-06	4.198193e-06	8.151248e-09	3.042175e+01	5.349069e+02
2.200000e-06	4.068306e-06	8.114588e-09	2.948054e+01	5.327170e+02
2.210000e-06	3.937030e-06	8.084766e-09	2.852926e+01	5.304782e+02
2.220000e-06	3.804302e-06	8.054791e-09	2.756747e+01	5.281973e+02
2.230000e-06	3.670188e-06	8.014243e-09	2.659562e+01	5.258786e+02
2.240000e-06	3.534846e-06	7.972563e-09	2.561488e+01	5.235209e+02
2.250000e-06	3.398244e-06	7.936802e-09	2.462501e+01	5.211158e+02
2.260000e-06	3.260344e-06	7.901668e-09	2.362573e+01	5.186481e+02
2.270000e-06	3.121120e-06	7.862888e-09	2.261686e+01	5.160985e+02
2.280000e-06	2.980665e-06	7.823139e-09	2.159906e+01	5.134487e+02
2.290000e-06	2.839116e-06	7.780002e-09	2.057335e+01	5.106858e+02
2.300000e-06	2.696518e-06	7.733248e-09	1.954003e+01	5.078066e+02
2.310000e-06	2.552921e-06	7.690232e-09	1.849947e+01	5.048186e+02
2.320000e-06	2.408383e-06	7.648611e-09	1.745208e+01	5.017384e+02
2.330000e-06	2.262962e-06	7.601327e-09	1.639831e+01	4.985871e+02
2.340000e-06	2.116791e-06	7.549299e-09	1.533910e+01	4.953841e+02
2.350000e-06	1.970021e-06	7.499860e-09	1.427555e+01	4.921413e+02
2.360000e-06	1.822543e-06	7.454592e-09	1.320686e+01	4.888583e+02
2.370000e-06	1.674227e-06	7.407185e-09	1.213211e+01	4.855222e+02
2.380000e-06	1.525281e-06	7.352614e-09	1.105278e+01	4.821097e+02
2.390000e-06	1.375951e-06	7.293539e-09	9.970681e+00	4.785928e+02
2.400000e-06	1.226138e-06	7.234759e-09	8.885073e+00	4.749460e+02
2.410000e-06	1.075758e-06	7.177578e-09	7.795366e+00	4.711517e+02
2.420000e-06	9.250168e-07	7.121432e-09	6.703034e+00	4.672037e+02
2.430000e-06	7.740547e-07	7.063187e-09	5.609103e+00	4.631067e+02
2.440000e-06	6.228936e-07	6.998991e-09	4.513731e+00	4.588720e+02
2.450000e-06	4.715474e-07	6.932841e-09	3.417017e+00	4.545103e+02
2.460000e-06	3.200348e-07	6.867426e-09	2.319098e+00	4.500248e+02
2.470000e-06	1.683743e-07	6.800920e-09	1.220106e+00	4.454053e+02
2.480000e-06	1.663223e-08	6.727210e-09	1.205237e-01	4.406272e+02
2.490000e-06	-1.350085e-07	6.646825e-09	-9.783244e-01	4.356547e+02
2.500000e-06	-2.865534e-07	6.564661e-09	-2.076478e+00	4.304474e+02
2.510000e-06	-4.380843e-07	6.480461e-09	-3.174531e+00	4.249703e+02
2.520000e-06	-5.895390e-07	6.393517e-09	-4.272030e+00	4.192015e+02
2.530000e-06	-7.406803e-07	6.302404e-09	-5.367259e+00	4.131381e+02
2.540000e-06	-8.914373e-07	6.206409e-09	-6.459704e+00	4.067947e+02
2.550000e-06	-1.041869e-06	6.106172e-09	-7.549790e+00	4.001984e+02
2.560000e-06	-1.191941e-06	6.005275e-09	-8.637269e+00	3.933774e+02
2.570000e-06	-1.341696e-06	5.900659e-09	-9.722451e+00	3.863487e+02
2.580000e-06	-1.491052e-06	5.788880e-09	-1.080474e+01	3.791078e+02
2.590000e-06	-1.639788e-06	5.670379e-09	-1.188254e+01	3.716223e+02
2.600000e-06	-1.787823e-06	5.547664e-09	-1.295526e+01	3.638318e+02
2.610000e-06	-1.935174e-06	5.424327e-09	-1.402303e+01	3.556541e+02
2.620000e-06	-2.081845e-06	5.298395e-09	-1.508587e+01	3.469946e+02
2.630000e-06	-2.227829e-06	5.163430e-09	-1.614372e+01	3.377549e+02
2.640000e-06	-2.372981e-06	5.015415e-09	-1.719555e+01	3.278378e+02
2.650000e-06	-2.517209e-06	4.854352e-09	-1.824068e+01	3.171432e+02
2.660000e-06	-2.660501e-06	4.681843e-09	-1.927904e+01	3.055569e+02
2.670000e-06	-2.802796e-06	4.494340e-09	-2.031016e+01	2.929310e+02
2.680000e-06	-2.944052e-06	4.284516e-09	-2.133376e+01	2.790641e+02
2.690000e-06	-3.084163e-06	4.047940e-09	-2.234906e+01	2.636855e+02
2.700000e-06	-3.223110e-06	3.781980e-09	-2.335592e+01	2.464521e+02
2.710000e-06	-3.360868e-06	3.485456e-09	-2.435416e+01	2.269627e+02
2.720000e-06	-3.497317e-06	3.152210e-09	-2.534293e+01	2.047928e+02
2.730000e-06	-3.632492e-06	2.772950e-09	-2.632246e+01	1.795463e+02
2.740000e-06	-3.766396e-06	2.340101e-09	-2.729278e+01	1.509193e+02
2.750000e-06	-3.898875e-06	1.854182e-09	-2.825278e+01	1.187635e+02
2.760000e-06	-4.029940e-06	1.315942e-09	-2.920252e+01	8.313953e+01
2.770000e-06	-4.159652e-06	7.266522e-10	-3.014247e+01	4.434736e+01
2.780000e-06	-4.287924e-06	9.474214e-11	-3.107198e+01	2.927083e+00
2.790000e-06	-4.414725e-06	-5.699309e-10	-3.199082e+01	-4.037268e+01
2.800000e-06	-4.539979e-06	-1.251025e-09	-3.289846e+01	-8.465558e+01
2.810000e-06	-4.663513e-06	-1.929897e-09	-3.379364e+01	-1.289586e+02
2.820000e-06	-4.785395e-06	-2.591692e-09	-3.467684e+01	-1.723412e+02
2.830000e-06	-4.905617e-06	-3.226103e-09	-3.554802e+01	-2.139675e+02
2.840000e-06	-5.023920e-06	-3.826891e-09	-3.640529e+01	-2.531717e+02
2.850000e-06	-5.140159e-06	-4.386946e-09	-3.724761e+01	-2.894948e+02
2.860000e-06	-5.254295e-06	-4.898031e-09	-3.807468e+01	-3.226924e+02
2.870000e-06	-5.366345e-06	-5.359313e-09	-3.888663e+01	-3.527143e+02
2.880000e-06	-5.476309e-06	-5.774968e-09	-3.968348e+01	-3.796634e+02
2.890000e-06	-5.584367e-06	-6.149204e-09	-4.046651e+01	-4.037442e+02
2.900000e-06	-5.690636e-06	-6.483856e-09	-4.123657e+01	-4.252112e+02
2.910000e-06	-5.794916e-06	-6.779443e-09	-4.199223e+01	-4.443261e+02
2.920000e-06	-5.897035e-06	-7.039904e-09	-4.273223e+01	-4.613294e+02
2.930000e-06	-5.996967e-06	-7.269691e-09	-4.345637e+01	-4.764278e+02
2.940000e-06	-6.094847e-06	-7.473930e-09	-4.416565e+01	-4.897959e+02
2.950000e-06	-6.190664e-06	-7.656341e-09	-4.485998e+01	-5.015861e+02
2.960000e-06	-6.284220e-06	-7.815919e-09	-4.553792e+01	-5.119414e+02
2.970000e-06	-6.375536e-06	-7.954504e-09	-4.619963e+01	-5.210061e+02
2.980000e-06	-6.464696e-06	-8.075937e-09	-4.684572e+01	-5.289308e+02
2.990000e-06	-6.551550e-06	-8.183767e-09	-4.747509e+01	-5.358695e+02
3.000000e-06	-6.635986e-06	-8.279647e-09	-4.808696e+01	-5.419725e+02
3.010000e-06	-6.718132e-06	-8.364761e-09	-4.868221e+01	-5.473763e+02
3.020000e-06	-6.797882e-06	-8.439524e-09	-4.926012e+01	-5.521943e+02
3.030000e-06	-6.874946e-06	-8.504842e-09	-4.981855e+01	-5.565121e+02
3.040000e-06	-6.949436e-06	-8.563559e-09	-5.035833e+01	-5.603873e+02
3.050000e-06	-7.021411e-06	-8.616917e-09	-5.087989e+01	-5.638559e+02
3.060000e-06	-7.090767e-06	-8.664265e-09	-5.138248e+01	-5.669405e+02
3.070000e-06	-7.157618e-06	-8.706283e-09	-5.186690e+01	-5.696606e+02
3.080000e-06	-7.222031e-06	-8.744222e-09	-5.233366e+01	-5.720397e+02
3.090000e-06	-7.283830e-06	-8.778178e-09	-5.278148e+01	-5.741103e+02
3.100000e-06	-7.342937e-06	-8.810380e-09	-5.320980e+01	-5.759126e+02
3.110000e-06	-7.399471e-06	-8.837379e-09	-5.361946e+01	-5.774914e+02
3.120000e-06	-7.453249e-06	-8.859574e-09	-5.400916e+01	-5.788893e+02
3.130000e-06	-7.503982e-06	-8.877651e-09	-5.437679e+01	-5.801419e+02
3.140000e-06	-7.551670e-06	-8.893154e-09	-5.472236e+01	-5.812735e+02
3.150000e-06	-7.596695e-06	-8.907821e-09	-5.504863e+01	-5.822970e+02
3.160000e-06	-7.639335e-06	-8.921176e-09	-5.535761e+01	-5.832164e+02
3.170000e-06	-7.679384e-06	-8.933472e-09	-5.564782e+01	-5.840315e+02
3.180000e-06	-7.716701e-06	-8.943509e-09	-5.591823e+01	-5.847426e+02
3.190000e-06	-7.751371e-06	-8.954012e-09	-5.616947e+01	-5.853549e+02
3.200000e-06	-7.783337e-06	-8.963516e-09	-5.640111e+01	-5.858791e+02
3.210000e-06	-7.812469e-06	-8.970923e-09	-5.661221e+01	-5.863309e+02
3.220000e-06	-7.838860e-06	-8.976170e-09	-5.680345e+01	-5.867269e+02
3.230000e-06	-7.862494e-06	-8.979618e-09	-5.697471e+01	-5.870807e+02
3.240000e-06	-7.883310e-06	-8.980827e-09	-5.712555e+01	-5.873995e+02
3.250000e-06	-7.901407e-06	-8.982341e-09	-5.725669e+01	-5.876822e+02
3.260000e-06	-7.916520e-06	-8.984102e-09	-5.736621e+01	-5.879205e+02
3.270000e-06	-7.928477e-06	-8.985531e-09	-5.745285e+01	-5.881023e+02
3.280000e-06	-7.937576e-06	-8.986088e-09	-5.751878e+01	-5.882161e+02
3.290000e-06	-7.943822e-06	-8.985622e-09	-5.756405e+01	-5.882554e+02
3.300000e-06	-7.947261e-06	-8.985097e-09	-5.758897e+01	-5.882212e+02
3.310000e-06	-7.948066e-06	-8.985012e-09	-5.759480e+01	-5.881230e+02
