# Temperatura_=_20.0
# Concentracion g/m^3_=_8460.0
# C_Vs_to_Am_M_A/Vsm_=_65563218390.804596
# pendiente_HvsI_1/m_=_3716.3
# ordenada_HvsI_A/m_=_1297.0
# frecuencia_Hz_=_301634.5415692604

Tiempo_(s)	Campo_(V.s)	Magnetizacion_(V.s)	Campo_(kA/m)	Magnetizacion_(A/m)
0.000000e+00	-7.897031e-06	-8.043974e-09	-5.758543e+01	-5.270990e+02
1.000000e-08	-7.893731e-06	-8.040449e-09	-5.756137e+01	-5.269567e+02
2.000000e-08	-7.887856e-06	-8.039394e-09	-5.751853e+01	-5.268430e+02
3.000000e-08	-7.879450e-06	-8.038869e-09	-5.745723e+01	-5.267332e+02
4.000000e-08	-7.868252e-06	-8.036898e-09	-5.737558e+01	-5.265889e+02
5.000000e-08	-7.854126e-06	-8.031897e-09	-5.727257e+01	-5.263702e+02
6.000000e-08	-7.837199e-06	-8.026663e-09	-5.714914e+01	-5.260477e+02
7.000000e-08	-7.817847e-06	-8.027995e-09	-5.700802e+01	-5.256121e+02
8.000000e-08	-7.796098e-06	-8.017940e-09	-5.684942e+01	-5.250776e+02
9.000000e-08	-7.771412e-06	-8.018035e-09	-5.666942e+01	-5.244789e+02
1.000000e-07	-7.743577e-06	-8.026755e-09	-5.646645e+01	-5.238614e+02
1.100000e-07	-7.712842e-06	-8.007618e-09	-5.624233e+01	-5.232694e+02
1.200000e-07	-7.679342e-06	-7.989924e-09	-5.599804e+01	-5.227338e+02
1.300000e-07	-7.643226e-06	-7.990386e-09	-5.573468e+01	-5.222638e+02
1.400000e-07	-7.604986e-06	-7.981219e-09	-5.545583e+01	-5.218447e+02
1.500000e-07	-7.564632e-06	-7.934558e-09	-5.516157e+01	-5.214418e+02
1.600000e-07	-7.521579e-06	-7.942430e-09	-5.484763e+01	-5.210103e+02
1.700000e-07	-7.475782e-06	-7.959855e-09	-5.451367e+01	-5.205064e+02
1.800000e-07	-7.427293e-06	-7.898671e-09	-5.416009e+01	-5.198981e+02
1.900000e-07	-7.375786e-06	-7.911900e-09	-5.378450e+01	-5.191719e+02
2.000000e-07	-7.321375e-06	-7.887979e-09	-5.338773e+01	-5.183342e+02
2.100000e-07	-7.264230e-06	-7.854222e-09	-5.297103e+01	-5.174067e+02
2.200000e-07	-7.204414e-06	-7.861115e-09	-5.253485e+01	-5.164185e+02
2.300000e-07	-7.142066e-06	-7.832086e-09	-5.208021e+01	-5.153966e+02
2.400000e-07	-7.077092e-06	-7.837066e-09	-5.160641e+01	-5.143585e+02
2.500000e-07	-7.009475e-06	-7.803461e-09	-5.111334e+01	-5.133081e+02
2.600000e-07	-6.939283e-06	-7.784153e-09	-5.060150e+01	-5.122365e+02
2.700000e-07	-6.866460e-06	-7.779088e-09	-5.007047e+01	-5.111271e+02
2.800000e-07	-6.790958e-06	-7.771533e-09	-4.951991e+01	-5.099625e+02
2.900000e-07	-6.712827e-06	-7.744435e-09	-4.895018e+01	-5.087310e+02
3.000000e-07	-6.632086e-06	-7.710676e-09	-4.836141e+01	-5.074312e+02
3.100000e-07	-6.548921e-06	-7.715796e-09	-4.775497e+01	-5.060722e+02
3.200000e-07	-6.463612e-06	-7.680693e-09	-4.713289e+01	-5.046703e+02
3.300000e-07	-6.376164e-06	-7.657605e-09	-4.649522e+01	-5.032431e+02
3.400000e-07	-6.286461e-06	-7.648393e-09	-4.584110e+01	-5.018032e+02
3.500000e-07	-6.194468e-06	-7.618433e-09	-4.517028e+01	-5.003535e+02
3.600000e-07	-6.100292e-06	-7.586109e-09	-4.448355e+01	-4.988861e+02
3.700000e-07	-6.003914e-06	-7.567667e-09	-4.378076e+01	-4.973847e+02
3.800000e-07	-5.905247e-06	-7.560229e-09	-4.306127e+01	-4.958298e+02
3.900000e-07	-5.804410e-06	-7.529871e-09	-4.232596e+01	-4.942056e+02
4.000000e-07	-5.701572e-06	-7.499069e-09	-4.157607e+01	-4.925046e+02
4.100000e-07	-5.596714e-06	-7.471800e-09	-4.081144e+01	-4.907308e+02
4.200000e-07	-5.489813e-06	-7.450614e-09	-4.003192e+01	-4.888973e+02
4.300000e-07	-5.380948e-06	-7.422663e-09	-3.923806e+01	-4.870224e+02
4.400000e-07	-5.270102e-06	-7.392062e-09	-3.842977e+01	-4.851219e+02
4.500000e-07	-5.157207e-06	-7.364996e-09	-3.760654e+01	-4.832035e+02
4.600000e-07	-5.042279e-06	-7.331185e-09	-3.676848e+01	-4.812631e+02
4.700000e-07	-4.925456e-06	-7.296449e-09	-3.591660e+01	-4.792850e+02
4.800000e-07	-4.806788e-06	-7.269863e-09	-3.505127e+01	-4.772465e+02
4.900000e-07	-4.686308e-06	-7.244747e-09	-3.417273e+01	-4.751253e+02
5.000000e-07	-4.564156e-06	-7.208111e-09	-3.328199e+01	-4.729075e+02
5.100000e-07	-4.440349e-06	-7.168291e-09	-3.237919e+01	-4.705928e+02
5.200000e-07	-4.314955e-06	-7.133630e-09	-3.146481e+01	-4.681969e+02
5.300000e-07	-4.188063e-06	-7.099479e-09	-3.053951e+01	-4.657475e+02
5.400000e-07	-4.059659e-06	-7.058718e-09	-2.960318e+01	-4.632768e+02
5.500000e-07	-3.929796e-06	-7.018506e-09	-2.865621e+01	-4.608121e+02
5.600000e-07	-3.798470e-06	-6.980782e-09	-2.769858e+01	-4.583661e+02
5.700000e-07	-3.665688e-06	-6.944700e-09	-2.673033e+01	-4.559325e+02
5.800000e-07	-3.531608e-06	-6.908087e-09	-2.575262e+01	-4.534852e+02
5.900000e-07	-3.396300e-06	-6.872561e-09	-2.476594e+01	-4.509852e+02
6.000000e-07	-3.259729e-06	-6.832174e-09	-2.377006e+01	-4.483900e+02
6.100000e-07	-3.121941e-06	-6.786533e-09	-2.276531e+01	-4.456655e+02
6.200000e-07	-2.982927e-06	-6.743319e-09	-2.175161e+01	-4.427953e+02
6.300000e-07	-2.842612e-06	-6.704109e-09	-2.072843e+01	-4.397854e+02
6.400000e-07	-2.701043e-06	-6.661727e-09	-1.969610e+01	-4.366619e+02
6.500000e-07	-2.558432e-06	-6.608512e-09	-1.865618e+01	-4.334635e+02
6.600000e-07	-2.414877e-06	-6.557405e-09	-1.760937e+01	-4.302293e+02
6.700000e-07	-2.270391e-06	-6.510182e-09	-1.655578e+01	-4.269870e+02
6.800000e-07	-2.125122e-06	-6.464593e-09	-1.549647e+01	-4.237441e+02
6.900000e-07	-1.979116e-06	-6.414836e-09	-1.443179e+01	-4.204850e+02
7.000000e-07	-1.832344e-06	-6.361264e-09	-1.336152e+01	-4.171754e+02
7.100000e-07	-1.684990e-06	-6.305621e-09	-1.228701e+01	-4.137723e+02
7.200000e-07	-1.537198e-06	-6.248320e-09	-1.120930e+01	-4.102363e+02
7.300000e-07	-1.388850e-06	-6.195415e-09	-1.012755e+01	-4.065430e+02
7.400000e-07	-1.239985e-06	-6.142431e-09	-9.042018e+00	-4.026896e+02
7.500000e-07	-1.090762e-06	-6.082803e-09	-7.953875e+00	-3.986939e+02
7.600000e-07	-9.412502e-07	-6.017456e-09	-6.863630e+00	-3.945868e+02
7.700000e-07	-7.914594e-07	-5.955284e-09	-5.771350e+00	-3.903993e+02
7.800000e-07	-6.414104e-07	-5.895159e-09	-4.677188e+00	-3.861489e+02
7.900000e-07	-4.911264e-07	-5.828069e-09	-3.581311e+00	-3.818298e+02
8.000000e-07	-3.407143e-07	-5.753486e-09	-2.484501e+00	-3.774088e+02
8.100000e-07	-1.902742e-07	-5.677445e-09	-1.387486e+00	-3.728314e+02
8.200000e-07	-3.973939e-08	-5.600619e-09	-2.897810e-01	-3.680339e+02
8.300000e-07	1.108194e-07	-5.523693e-09	8.080994e-01	-3.629600e+02
8.400000e-07	2.613377e-07	-5.446125e-09	1.905684e+00	-3.575761e+02
8.500000e-07	4.118347e-07	-5.361949e-09	3.003113e+00	-3.518804e+02
8.600000e-07	5.621568e-07	-5.269807e-09	4.099267e+00	-3.459033e+02
8.700000e-07	7.122113e-07	-5.176248e-09	5.193470e+00	-3.396971e+02
8.800000e-07	8.620711e-07	-5.085926e-09	6.286254e+00	-3.333190e+02
8.900000e-07	1.011716e-06	-4.990368e-09	7.377472e+00	-3.268108e+02
9.000000e-07	1.161052e-06	-4.883695e-09	8.466430e+00	-3.201823e+02
9.100000e-07	1.309973e-06	-4.770754e-09	9.552368e+00	-3.134031e+02
9.200000e-07	1.458430e-06	-4.659384e-09	1.063493e+01	-3.064051e+02
9.300000e-07	1.606377e-06	-4.549236e-09	1.171376e+01	-2.990954e+02
9.400000e-07	1.753796e-06	-4.433852e-09	1.278875e+01	-2.913742e+02
9.500000e-07	1.900616e-06	-4.309460e-09	1.385936e+01	-2.831525e+02
9.600000e-07	2.046722e-06	-4.174862e-09	1.492477e+01	-2.743594e+02
9.700000e-07	2.192101e-06	-4.032394e-09	1.598488e+01	-2.649369e+02
9.800000e-07	2.336726e-06	-3.880522e-09	1.703949e+01	-2.548175e+02
9.900000e-07	2.480497e-06	-3.715867e-09	1.808787e+01	-2.438914e+02
1.000000e-06	2.623302e-06	-3.528118e-09	1.912921e+01	-2.319688e+02
1.010000e-06	2.765167e-06	-3.315448e-09	2.016370e+01	-2.187512e+02
1.020000e-06	2.906045e-06	-3.080744e-09	2.119099e+01	-2.038214e+02
1.030000e-06	3.045758e-06	-2.815816e-09	2.220978e+01	-1.866626e+02
1.040000e-06	3.184250e-06	-2.510763e-09	2.321967e+01	-1.667092e+02
1.050000e-06	3.321472e-06	-2.151820e-09	2.422029e+01	-1.434239e+02
1.060000e-06	3.457387e-06	-1.737654e-09	2.521139e+01	-1.163914e+02
1.070000e-06	3.591971e-06	-1.266880e-09	2.619278e+01	-8.541048e+01
1.080000e-06	3.725315e-06	-7.376906e-10	2.716513e+01	-5.056656e+01
1.090000e-06	3.857444e-06	-1.520533e-10	2.812862e+01	-1.226849e+01
1.100000e-06	3.988186e-06	4.805670e-10	2.908200e+01	2.876075e+01
1.110000e-06	4.117456e-06	1.140699e-09	3.002464e+01	7.154101e+01
1.120000e-06	4.245241e-06	1.807444e-09	3.095645e+01	1.149316e+02
1.130000e-06	4.371504e-06	2.458131e-09	3.187717e+01	1.577520e+02
1.140000e-06	4.496291e-06	3.080330e-09	3.278711e+01	1.989062e+02
1.150000e-06	4.619603e-06	3.662820e-09	3.368631e+01	2.374895e+02
1.160000e-06	4.741202e-06	4.196820e-09	3.457301e+01	2.728618e+02
1.170000e-06	4.860961e-06	4.676239e-09	3.544630e+01	3.046767e+02
1.180000e-06	4.978980e-06	5.098185e-09	3.630690e+01	3.328655e+02
1.190000e-06	5.095223e-06	5.469002e-09	3.715455e+01	3.575862e+02
1.200000e-06	5.209454e-06	5.797297e-09	3.798753e+01	3.791484e+02
1.210000e-06	5.321582e-06	6.085800e-09	3.880517e+01	3.979335e+02
1.220000e-06	5.431773e-06	6.335490e-09	3.960868e+01	4.143247e+02
1.230000e-06	5.540166e-06	6.550429e-09	4.039909e+01	4.286587e+02
1.240000e-06	5.646623e-06	6.737944e-09	4.117538e+01	4.412035e+02
1.250000e-06	5.750992e-06	6.903401e-09	4.193644e+01	4.521602e+02
1.260000e-06	5.853320e-06	7.048913e-09	4.268262e+01	4.616821e+02
1.270000e-06	5.953593e-06	7.172636e-09	4.341382e+01	4.699013e+02
1.280000e-06	6.051604e-06	7.274928e-09	4.412851e+01	4.769512e+02
1.290000e-06	6.147283e-06	7.362727e-09	4.482621e+01	4.829804e+02
1.300000e-06	6.240850e-06	7.441221e-09	4.550850e+01	4.881524e+02
1.310000e-06	6.332333e-06	7.510918e-09	4.617560e+01	4.926348e+02
1.320000e-06	6.421544e-06	7.572693e-09	4.682613e+01	4.965817e+02
1.330000e-06	6.508467e-06	7.626453e-09	4.745997e+01	5.001167e+02
1.340000e-06	6.593192e-06	7.673168e-09	4.807779e+01	5.033220e+02
1.350000e-06	6.675647e-06	7.715630e-09	4.867906e+01	5.062375e+02
1.360000e-06	6.755680e-06	7.754032e-09	4.926266e+01	5.088696e+02
1.370000e-06	6.833249e-06	7.787416e-09	4.982830e+01	5.112080e+02
1.380000e-06	6.908256e-06	7.815671e-09	5.037525e+01	5.132436e+02
1.390000e-06	6.980624e-06	7.841373e-09	5.090296e+01	5.149841e+02
1.400000e-06	7.050510e-06	7.864919e-09	5.141257e+01	5.164611e+02
1.410000e-06	7.117944e-06	7.886465e-09	5.190430e+01	5.177283e+02
1.420000e-06	7.182780e-06	7.905861e-09	5.237709e+01	5.188518e+02
1.430000e-06	7.245069e-06	7.923788e-09	5.283130e+01	5.198955e+02
1.440000e-06	7.304887e-06	7.939172e-09	5.326750e+01	5.209064e+02
1.450000e-06	7.362113e-06	7.952456e-09	5.368480e+01	5.219057e+02
1.460000e-06	7.416685e-06	7.967308e-09	5.408273e+01	5.228861e+02
1.470000e-06	7.468385e-06	7.981426e-09	5.445974e+01	5.238190e+02
1.480000e-06	7.517020e-06	7.991907e-09	5.481438e+01	5.246660e+02
1.490000e-06	7.562868e-06	8.000273e-09	5.514870e+01	5.253937e+02
1.500000e-06	7.606105e-06	8.009476e-09	5.546400e+01	5.259861e+02
1.510000e-06	7.646542e-06	8.019593e-09	5.575886e+01	5.264503e+02
1.520000e-06	7.684260e-06	8.028083e-09	5.603390e+01	5.268156e+02
1.530000e-06	7.719390e-06	8.034510e-09	5.629007e+01	5.271249e+02
1.540000e-06	7.751787e-06	8.040367e-09	5.652631e+01	5.274221e+02
1.550000e-06	7.781519e-06	8.046624e-09	5.674312e+01	5.277389e+02
1.560000e-06	7.808576e-06	8.053377e-09	5.694042e+01	5.280860e+02
1.570000e-06	7.832785e-06	8.059813e-09	5.711695e+01	5.284503e+02
1.580000e-06	7.854245e-06	8.064608e-09	5.727344e+01	5.287993e+02
1.590000e-06	7.873015e-06	8.067997e-09	5.741031e+01	5.290919e+02
1.600000e-06	7.888945e-06	8.071264e-09	5.752647e+01	5.292910e+02
1.610000e-06	7.901936e-06	8.075170e-09	5.762120e+01	5.293751e+02
1.620000e-06	7.911838e-06	8.078356e-09	5.769341e+01	5.293450e+02
1.630000e-06	7.918729e-06	8.078941e-09	5.774366e+01	5.292234e+02
1.640000e-06	7.922904e-06	8.077771e-09	5.777410e+01	5.290481e+02
1.650000e-06	7.924366e-06	8.077303e-09	5.778476e+01	5.288604e+02
1.660000e-06	7.923086e-06	8.079571e-09	5.777543e+01	5.286926e+02
1.670000e-06	7.919180e-06	8.076927e-09	5.774695e+01	5.285582e+02
1.680000e-06	7.912662e-06	8.071164e-09	5.769942e+01	5.284479e+02
1.690000e-06	7.903504e-06	8.066511e-09	5.763264e+01	5.283328e+02
1.700000e-06	7.891671e-06	8.064072e-09	5.754635e+01	5.281730e+02
1.710000e-06	7.877070e-06	8.058228e-09	5.743988e+01	5.279299e+02
1.720000e-06	7.859896e-06	8.047568e-09	5.731464e+01	5.275786e+02
1.730000e-06	7.840413e-06	8.048792e-09	5.717257e+01	5.271155e+02
1.740000e-06	7.818143e-06	8.041432e-09	5.701018e+01	5.265606e+02
1.750000e-06	7.792341e-06	8.001779e-09	5.682203e+01	5.259522e+02
1.760000e-06	7.763020e-06	8.005841e-09	5.660822e+01	5.253368e+02
1.770000e-06	7.730827e-06	8.011599e-09	5.637347e+01	5.247563e+02
1.780000e-06	7.696352e-06	7.986920e-09	5.612207e+01	5.242367e+02
1.790000e-06	7.659700e-06	7.997434e-09	5.585481e+01	5.237811e+02
1.800000e-06	7.620891e-06	8.035403e-09	5.557181e+01	5.233693e+02
1.810000e-06	7.579744e-06	7.968083e-09	5.527177e+01	5.229632e+02
1.820000e-06	7.535996e-06	7.964098e-09	5.495276e+01	5.225169e+02
1.830000e-06	7.489638e-06	7.972810e-09	5.461471e+01	5.219887e+02
1.840000e-06	7.440473e-06	7.921240e-09	5.425620e+01	5.213509e+02
1.850000e-06	7.388421e-06	7.979345e-09	5.387663e+01	5.205950e+02
1.860000e-06	7.333467e-06	7.916258e-09	5.347591e+01	5.197319e+02
1.870000e-06	7.275782e-06	7.909798e-09	5.305527e+01	5.187859e+02
1.880000e-06	7.215602e-06	7.913591e-09	5.261643e+01	5.177865e+02
1.890000e-06	7.152672e-06	7.863372e-09	5.215754e+01	5.167589e+02
1.900000e-06	7.086958e-06	7.896456e-09	5.167835e+01	5.157174e+02
1.910000e-06	7.018588e-06	7.838258e-09	5.117980e+01	5.146624e+02
1.920000e-06	6.947608e-06	7.827535e-09	5.066221e+01	5.135825e+02
1.930000e-06	6.874088e-06	7.798051e-09	5.012610e+01	5.124603e+02
1.940000e-06	6.797874e-06	7.788903e-09	4.957034e+01	5.112792e+02
1.950000e-06	6.718980e-06	7.786366e-09	4.899505e+01	5.100298e+02
1.960000e-06	6.637641e-06	7.725483e-09	4.840192e+01	5.087135e+02
1.970000e-06	6.554013e-06	7.747456e-09	4.779210e+01	5.073416e+02
1.980000e-06	6.467997e-06	7.697529e-09	4.716487e+01	5.059313e+02
1.990000e-06	6.379591e-06	7.690757e-09	4.652021e+01	5.044996e+02
2.000000e-06	6.288983e-06	7.674518e-09	4.585949e+01	5.030569e+02
2.010000e-06	6.196158e-06	7.650542e-09	4.518261e+01	5.016034e+02
2.020000e-06	6.101099e-06	7.622857e-09	4.448944e+01	5.001287e+02
2.030000e-06	6.003886e-06	7.576603e-09	4.378056e+01	4.986152e+02
2.040000e-06	5.904590e-06	7.573546e-09	4.305649e+01	4.970437e+02
2.050000e-06	5.803164e-06	7.536284e-09	4.231688e+01	4.954000e+02
2.060000e-06	5.699596e-06	7.517229e-09	4.156166e+01	4.936796e+02
2.070000e-06	5.594010e-06	7.477349e-09	4.079172e+01	4.918888e+02
2.080000e-06	5.486524e-06	7.462622e-09	4.000793e+01	4.900427e+02
2.090000e-06	5.377103e-06	7.432775e-09	3.921003e+01	4.881596e+02
2.100000e-06	5.265711e-06	7.404374e-09	3.839775e+01	4.862538e+02
2.110000e-06	5.152327e-06	7.380527e-09	3.757095e+01	4.843303e+02
2.120000e-06	5.036921e-06	7.345086e-09	3.672941e+01	4.823818e+02
2.130000e-06	4.919522e-06	7.308024e-09	3.587333e+01	4.803903e+02
2.140000e-06	4.800159e-06	7.270350e-09	3.500293e+01	4.783326e+02
2.150000e-06	4.679013e-06	7.247477e-09	3.411953e+01	4.761876e+02
2.160000e-06	4.556184e-06	7.209516e-09	3.322386e+01	4.739444e+02
2.170000e-06	4.431695e-06	7.172525e-09	3.231608e+01	4.716069e+02
2.180000e-06	4.305688e-06	7.133687e-09	3.139724e+01	4.691941e+02
2.190000e-06	4.178191e-06	7.107347e-09	3.046752e+01	4.667359e+02
2.200000e-06	4.049163e-06	7.073676e-09	2.952664e+01	4.642641e+02
2.210000e-06	3.918729e-06	7.038930e-09	2.857552e+01	4.618030e+02
2.220000e-06	3.786932e-06	6.995908e-09	2.761445e+01	4.593611e+02
2.230000e-06	3.653743e-06	6.954876e-09	2.664323e+01	4.569266e+02
2.240000e-06	3.519277e-06	6.914006e-09	2.566270e+01	4.544696e+02
2.250000e-06	3.383549e-06	6.874820e-09	2.467296e+01	4.519491e+02
2.260000e-06	3.246575e-06	6.837000e-09	2.367414e+01	4.493237e+02
2.270000e-06	3.108400e-06	6.792200e-09	2.266656e+01	4.465630e+02
2.280000e-06	2.969042e-06	6.746055e-09	2.165036e+01	4.436559e+02
2.290000e-06	2.828482e-06	6.701367e-09	2.062539e+01	4.406140e+02
2.300000e-06	2.686859e-06	6.661453e-09	1.959267e+01	4.374674e+02
2.310000e-06	2.544260e-06	6.613740e-09	1.855284e+01	4.342561e+02
2.320000e-06	2.400691e-06	6.560875e-09	1.750593e+01	4.310175e+02
2.330000e-06	2.256160e-06	6.505763e-09	1.645200e+01	4.277747e+02
2.340000e-06	2.110854e-06	6.455685e-09	1.539242e+01	4.245295e+02
2.350000e-06	1.964988e-06	6.406350e-09	1.432876e+01	4.212611e+02
2.360000e-06	1.818479e-06	6.356624e-09	1.326041e+01	4.179317e+02
2.370000e-06	1.671194e-06	6.305369e-09	1.218640e+01	4.144982e+02
2.380000e-06	1.523180e-06	6.249345e-09	1.110708e+01	4.109238e+02
2.390000e-06	1.374719e-06	6.191325e-09	1.002450e+01	4.071894e+02
2.400000e-06	1.225884e-06	6.134664e-09	8.939191e+00	4.032975e+02
2.410000e-06	1.076596e-06	6.076129e-09	7.850578e+00	3.992703e+02
2.420000e-06	9.268818e-07	6.012719e-09	6.758855e+00	3.951400e+02
2.430000e-06	7.768188e-07	5.947668e-09	5.664591e+00	3.909354e+02
2.440000e-06	6.265116e-07	5.881723e-09	4.568545e+00	3.866690e+02
2.450000e-06	4.760579e-07	5.814691e-09	3.471431e+00	3.823279e+02
2.460000e-06	3.254634e-07	5.747270e-09	2.373291e+00	3.778730e+02
2.470000e-06	1.747166e-07	5.678136e-09	1.274040e+00	3.732461e+02
2.480000e-06	2.389809e-08	5.605104e-09	1.742657e-01	3.683836e+02
2.490000e-06	-1.268094e-07	5.527977e-09	-9.246985e-01	3.632337e+02
2.500000e-06	-2.774156e-07	5.447121e-09	-2.022925e+00	3.577702e+02
2.510000e-06	-4.280020e-07	5.362028e-09	-3.121006e+00	3.519997e+02
2.520000e-06	-5.785228e-07	5.268826e-09	-4.218609e+00	3.459593e+02
2.530000e-06	-7.288139e-07	5.169536e-09	-5.314538e+00	3.397046e+02
2.540000e-06	-8.787275e-07	5.069224e-09	-6.407713e+00	3.332905e+02
2.550000e-06	-1.028285e-06	4.968641e-09	-7.498289e+00	3.267523e+02
2.560000e-06	-1.177496e-06	4.867585e-09	-8.586341e+00	3.200901e+02
2.570000e-06	-1.326304e-06	4.762954e-09	-9.671454e+00	3.132634e+02
2.580000e-06	-1.474648e-06	4.654573e-09	-1.075318e+01	3.061962e+02
2.590000e-06	-1.622448e-06	4.541613e-09	-1.183095e+01	2.987923e+02
2.600000e-06	-1.769571e-06	4.423426e-09	-1.290377e+01	2.909531e+02
2.610000e-06	-1.916034e-06	4.300010e-09	-1.397179e+01	2.825940e+02
2.620000e-06	-2.061928e-06	4.169485e-09	-1.503565e+01	2.736484e+02
2.630000e-06	-2.207114e-06	4.028179e-09	-1.609435e+01	2.640584e+02
2.640000e-06	-2.351463e-06	3.872308e-09	-1.714695e+01	2.537497e+02
2.650000e-06	-2.494897e-06	3.701471e-09	-1.819288e+01	2.425956e+02
2.660000e-06	-2.637290e-06	3.515680e-09	-1.923121e+01	2.303814e+02
2.670000e-06	-2.778662e-06	3.309121e-09	-2.026210e+01	2.167788e+02
2.680000e-06	-2.919017e-06	3.073567e-09	-2.128558e+01	2.013427e+02
2.690000e-06	-3.058192e-06	2.801811e-09	-2.230045e+01	1.835381e+02
2.700000e-06	-3.196186e-06	2.488600e-09	-2.330670e+01	1.627985e+02
2.710000e-06	-3.333087e-06	2.127250e-09	-2.430499e+01	1.386080e+02
2.720000e-06	-3.468780e-06	1.709956e-09	-2.529447e+01	1.105965e+02
2.730000e-06	-3.603167e-06	1.232306e-09	-2.627443e+01	7.862901e+01
2.740000e-06	-3.736291e-06	6.912217e-10	-2.724517e+01	4.286990e+01
2.750000e-06	-3.868040e-06	9.642889e-11	-2.820589e+01	3.809389e+00
2.760000e-06	-3.998369e-06	-5.395198e-10	-2.915625e+01	-3.775818e+01
2.770000e-06	-4.127416e-06	-1.200521e-09	-3.009726e+01	-8.080220e+01
2.780000e-06	-4.255101e-06	-1.865694e-09	-3.102835e+01	-1.241602e+02
2.790000e-06	-4.381249e-06	-2.518669e-09	-3.194822e+01	-1.666615e+02
2.800000e-06	-4.505819e-06	-3.141986e-09	-3.285659e+01	-2.072488e+02
2.810000e-06	-4.628753e-06	-3.719413e-09	-3.375303e+01	-2.450786e+02
2.820000e-06	-4.750015e-06	-4.241502e-09	-3.463728e+01	-2.795831e+02
2.830000e-06	-4.869484e-06	-4.710133e-09	-3.550846e+01	-3.104884e+02
2.840000e-06	-4.986998e-06	-5.130404e-09	-3.636537e+01	-3.377886e+02
2.850000e-06	-5.102501e-06	-5.503160e-09	-3.720762e+01	-3.616871e+02
2.860000e-06	-5.215875e-06	-5.829256e-09	-3.803435e+01	-3.825186e+02
2.870000e-06	-5.327141e-06	-6.112913e-09	-3.884570e+01	-4.006710e+02
2.880000e-06	-5.436488e-06	-6.360071e-09	-3.964307e+01	-4.165193e+02
2.890000e-06	-5.544060e-06	-6.576519e-09	-4.042749e+01	-4.303843e+02
2.900000e-06	-5.649821e-06	-6.764377e-09	-4.119870e+01	-4.425159e+02
2.910000e-06	-5.753574e-06	-6.923826e-09	-4.195527e+01	-4.531013e+02
2.920000e-06	-5.855101e-06	-7.058647e-09	-4.269561e+01	-4.622860e+02
2.930000e-06	-5.954491e-06	-7.175009e-09	-4.342036e+01	-4.702004e+02
2.940000e-06	-6.051932e-06	-7.278808e-09	-4.413091e+01	-4.769810e+02
2.950000e-06	-6.147292e-06	-7.370171e-09	-4.482628e+01	-4.827807e+02
2.960000e-06	-6.240368e-06	-7.448574e-09	-4.550499e+01	-4.877653e+02
2.970000e-06	-6.331197e-06	-7.519384e-09	-4.616731e+01	-4.921008e+02
2.980000e-06	-6.419894e-06	-7.584572e-09	-4.681410e+01	-4.959352e+02
2.990000e-06	-6.506302e-06	-7.642529e-09	-4.744419e+01	-4.993823e+02
3.000000e-06	-6.590355e-06	-7.691935e-09	-4.805711e+01	-5.025134e+02
3.010000e-06	-6.672187e-06	-7.734279e-09	-4.865383e+01	-5.053589e+02
3.020000e-06	-6.751658e-06	-7.771046e-09	-4.923334e+01	-5.079194e+02
3.030000e-06	-6.828465e-06	-7.802188e-09	-4.979341e+01	-5.101830e+02
3.040000e-06	-6.902608e-06	-7.828678e-09	-5.033407e+01	-5.121438e+02
3.050000e-06	-6.974253e-06	-7.851811e-09	-5.085650e+01	-5.138150e+02
3.060000e-06	-7.043337e-06	-7.873011e-09	-5.136027e+01	-5.152342e+02
3.070000e-06	-7.109877e-06	-7.894064e-09	-5.184548e+01	-5.164597e+02
3.080000e-06	-7.173961e-06	-7.914315e-09	-5.231278e+01	-5.175582e+02
3.090000e-06	-7.235454e-06	-7.933357e-09	-5.276119e+01	-5.185907e+02
3.100000e-06	-7.294302e-06	-7.951389e-09	-5.319031e+01	-5.195984e+02
3.110000e-06	-7.350581e-06	-7.967247e-09	-5.360070e+01	-5.205951e+02
3.120000e-06	-7.404068e-06	-7.980816e-09	-5.399073e+01	-5.215675e+02
3.130000e-06	-7.454504e-06	-7.991685e-09	-5.435851e+01	-5.224830e+02
3.140000e-06	-7.501955e-06	-8.000522e-09	-5.470453e+01	-5.233034e+02
3.150000e-06	-7.546816e-06	-8.008938e-09	-5.503166e+01	-5.239984e+02
3.160000e-06	-7.589305e-06	-8.017143e-09	-5.534149e+01	-5.245576e+02
3.170000e-06	-7.629318e-06	-8.023946e-09	-5.563326e+01	-5.249942e+02
3.180000e-06	-7.666633e-06	-8.030140e-09	-5.590536e+01	-5.253417e+02
3.190000e-06	-7.701201e-06	-8.037037e-09	-5.615744e+01	-5.256447e+02
3.200000e-06	-7.733091e-06	-8.043748e-09	-5.638998e+01	-5.259450e+02
3.210000e-06	-7.762172e-06	-8.048019e-09	-5.660204e+01	-5.262698e+02
3.220000e-06	-7.788466e-06	-8.050713e-09	-5.679377e+01	-5.266238e+02
3.230000e-06	-7.812037e-06	-8.053495e-09	-5.696565e+01	-5.269884e+02
3.240000e-06	-7.832811e-06	-8.055396e-09	-5.711714e+01	-5.273278e+02
3.250000e-06	-7.850835e-06	-8.055661e-09	-5.724857e+01	-5.276005e+02
3.260000e-06	-7.865958e-06	-8.055709e-09	-5.735885e+01	-5.277726e+02
3.270000e-06	-7.877990e-06	-8.056438e-09	-5.744659e+01	-5.278276e+02
3.280000e-06	-7.887191e-06	-8.056121e-09	-5.751368e+01	-5.277723e+02
3.290000e-06	-7.893608e-06	-8.053930e-09	-5.756048e+01	-5.276339e+02
3.300000e-06	-7.897219e-06	-8.052577e-09	-5.758681e+01	-5.274523e+02
3.310000e-06	-7.898175e-06	-8.050194e-09	-5.759378e+01	-5.272676e+02
