# Temperatura_=_20.0
# Concentracion g/m^3_=_11600.0
# C_Vs_to_Am_M_A/Vsm_=_65563218390.804596
# pendiente_HvsI_1/m_=_3716.3
# ordenada_HvsI_A/m_=_1297.0
# frecuencia_Hz_=_301715.8843914718

Tiempo_(s)	Campo_(V.s)	Magnetizacion_(V.s)	Campo_(kA/m)	Magnetizacion_(A/m)
0.000000e+00	-7.990057e-06	-1.117443e-08	-5.756356e+01	-7.307678e+02
1.000000e-08	-7.988146e-06	-1.117729e-08	-5.754979e+01	-7.306894e+02
2.000000e-08	-7.983557e-06	-1.117377e-08	-5.751673e+01	-7.305340e+02
3.000000e-08	-7.976483e-06	-1.116766e-08	-5.746576e+01	-7.303013e+02
4.000000e-08	-7.966659e-06	-1.116275e-08	-5.739499e+01	-7.299932e+02
5.000000e-08	-7.953959e-06	-1.115552e-08	-5.730349e+01	-7.296136e+02
6.000000e-08	-7.938366e-06	-1.114530e-08	-5.719116e+01	-7.291675e+02
7.000000e-08	-7.920090e-06	-1.113462e-08	-5.705949e+01	-7.286600e+02
8.000000e-08	-7.899462e-06	-1.111470e-08	-5.691088e+01	-7.280959e+02
9.000000e-08	-7.876150e-06	-1.116904e-08	-5.674292e+01	-7.274793e+02
1.000000e-07	-7.849670e-06	-1.117436e-08	-5.655216e+01	-7.268146e+02
1.100000e-07	-7.820123e-06	-1.110821e-08	-5.633928e+01	-7.261068e+02
1.200000e-07	-7.787708e-06	-1.108179e-08	-5.610575e+01	-7.253620e+02
1.300000e-07	-7.752510e-06	-1.107253e-08	-5.585217e+01	-7.245876e+02
1.400000e-07	-7.714977e-06	-1.104327e-08	-5.558177e+01	-7.237910e+02
1.500000e-07	-7.675369e-06	-1.100136e-08	-5.529642e+01	-7.229782e+02
1.600000e-07	-7.633194e-06	-1.110304e-08	-5.499258e+01	-7.221516e+02
1.700000e-07	-7.588156e-06	-1.102748e-08	-5.466810e+01	-7.213079e+02
1.800000e-07	-7.540514e-06	-1.092197e-08	-5.432487e+01	-7.204372e+02
1.900000e-07	-7.489964e-06	-1.103774e-08	-5.396069e+01	-7.195229e+02
2.000000e-07	-7.436296e-06	-1.096884e-08	-5.357405e+01	-7.185438e+02
2.100000e-07	-7.379755e-06	-1.094760e-08	-5.316670e+01	-7.174773e+02
2.200000e-07	-7.320550e-06	-1.093872e-08	-5.274016e+01	-7.163031e+02
2.300000e-07	-7.258841e-06	-1.088124e-08	-5.229559e+01	-7.150076e+02
2.400000e-07	-7.194471e-06	-1.089218e-08	-5.183184e+01	-7.135863e+02
2.500000e-07	-7.127392e-06	-1.083083e-08	-5.134858e+01	-7.120447e+02
2.600000e-07	-7.057772e-06	-1.084969e-08	-5.084701e+01	-7.103972e+02
2.700000e-07	-6.985490e-06	-1.080664e-08	-5.032626e+01	-7.086633e+02
2.800000e-07	-6.910471e-06	-1.076803e-08	-4.978579e+01	-7.068633e+02
2.900000e-07	-6.832793e-06	-1.073333e-08	-4.922616e+01	-7.050135e+02
3.000000e-07	-6.752436e-06	-1.072348e-08	-4.864724e+01	-7.031225e+02
3.100000e-07	-6.669634e-06	-1.072771e-08	-4.805070e+01	-7.011893e+02
3.200000e-07	-6.584668e-06	-1.062529e-08	-4.743857e+01	-6.992043e+02
3.300000e-07	-6.497452e-06	-1.062290e-08	-4.681023e+01	-6.971521e+02
3.400000e-07	-6.407852e-06	-1.059552e-08	-4.616472e+01	-6.950157e+02
3.500000e-07	-6.315966e-06	-1.055350e-08	-4.550274e+01	-6.927815e+02
3.600000e-07	-6.221898e-06	-1.051428e-08	-4.482504e+01	-6.904423e+02
3.700000e-07	-6.125553e-06	-1.048814e-08	-4.413093e+01	-6.879996e+02
3.800000e-07	-6.026857e-06	-1.045090e-08	-4.341988e+01	-6.854625e+02
3.900000e-07	-5.925977e-06	-1.038777e-08	-4.269311e+01	-6.828448e+02
4.000000e-07	-5.823064e-06	-1.036904e-08	-4.195168e+01	-6.801610e+02
4.100000e-07	-5.718000e-06	-1.033057e-08	-4.119475e+01	-6.774219e+02
4.200000e-07	-5.610822e-06	-1.028701e-08	-4.042260e+01	-6.746315e+02
4.300000e-07	-5.501684e-06	-1.021997e-08	-3.963633e+01	-6.717852e+02
4.400000e-07	-5.390554e-06	-1.018685e-08	-3.883570e+01	-6.688715e+02
4.500000e-07	-5.277305e-06	-1.014876e-08	-3.801981e+01	-6.658743e+02
4.600000e-07	-5.161960e-06	-1.009378e-08	-3.718882e+01	-6.627775e+02
4.700000e-07	-5.044682e-06	-1.003819e-08	-3.634390e+01	-6.595682e+02
4.800000e-07	-4.925541e-06	-9.996227e-09	-3.548557e+01	-6.562403e+02
4.900000e-07	-4.804529e-06	-9.948369e-09	-3.461374e+01	-6.527942e+02
5.000000e-07	-4.681785e-06	-9.883812e-09	-3.372945e+01	-6.492360e+02
5.100000e-07	-4.557375e-06	-9.835920e-09	-3.283315e+01	-6.455740e+02
5.200000e-07	-4.431287e-06	-9.781326e-09	-3.192476e+01	-6.418151e+02
5.300000e-07	-4.303624e-06	-9.718490e-09	-3.100502e+01	-6.379611e+02
5.400000e-07	-4.174380e-06	-9.647620e-09	-3.007390e+01	-6.340073e+02
5.500000e-07	-4.043627e-06	-9.596002e-09	-2.913190e+01	-6.299425e+02
5.600000e-07	-3.911413e-06	-9.533125e-09	-2.817938e+01	-6.257515e+02
5.700000e-07	-3.777831e-06	-9.455565e-09	-2.721700e+01	-6.214186e+02
5.800000e-07	-3.643023e-06	-9.381608e-09	-2.624579e+01	-6.169318e+02
5.900000e-07	-3.506765e-06	-9.315395e-09	-2.526413e+01	-6.122855e+02
6.000000e-07	-3.369039e-06	-9.243196e-09	-2.427190e+01	-6.074816e+02
6.100000e-07	-3.230100e-06	-9.161617e-09	-2.327093e+01	-6.025282e+02
6.200000e-07	-3.089915e-06	-9.090483e-09	-2.226098e+01	-5.974364e+02
6.300000e-07	-2.948383e-06	-9.013039e-09	-2.124133e+01	-5.922159e+02
6.400000e-07	-2.805537e-06	-8.927690e-09	-2.021221e+01	-5.868704e+02
6.500000e-07	-2.661654e-06	-8.839896e-09	-1.917561e+01	-5.813952e+02
6.600000e-07	-2.516915e-06	-8.758933e-09	-1.813286e+01	-5.757764e+02
6.700000e-07	-2.371330e-06	-8.667713e-09	-1.708401e+01	-5.699929e+02
6.800000e-07	-2.224953e-06	-8.568896e-09	-1.602945e+01	-5.640202e+02
6.900000e-07	-2.077811e-06	-8.475745e-09	-1.496938e+01	-5.578353e+02
7.000000e-07	-1.929923e-06	-8.382300e-09	-1.390393e+01	-5.514210e+02
7.100000e-07	-1.781357e-06	-8.280269e-09	-1.283361e+01	-5.447687e+02
7.200000e-07	-1.632197e-06	-8.172857e-09	-1.175900e+01	-5.378780e+02
7.300000e-07	-1.482542e-06	-8.068771e-09	-1.068083e+01	-5.307544e+02
7.400000e-07	-1.332423e-06	-7.956875e-09	-9.599309e+00	-5.234045e+02
7.500000e-07	-1.181770e-06	-7.838336e-09	-8.513943e+00	-5.158309e+02
7.600000e-07	-1.030632e-06	-7.718579e-09	-7.425084e+00	-5.080277e+02
7.700000e-07	-8.791537e-07	-7.597882e-09	-6.333774e+00	-4.999777e+02
7.800000e-07	-7.273539e-07	-7.467554e-09	-5.240148e+00	-4.916532e+02
7.900000e-07	-5.752104e-07	-7.333278e-09	-4.144045e+00	-4.830184e+02
8.000000e-07	-4.228603e-07	-7.200268e-09	-3.046455e+00	-4.740344e+02
8.100000e-07	-2.703684e-07	-7.060288e-09	-1.947842e+00	-4.646643e+02
8.200000e-07	-1.177150e-07	-6.910693e-09	-8.480661e-01	-4.548777e+02
8.300000e-07	3.505064e-08	-6.752558e-09	2.525188e-01	-4.446527e+02
8.400000e-07	1.877957e-07	-6.590072e-09	1.352955e+00	-4.339758e+02
8.500000e-07	3.404060e-07	-6.420206e-09	2.452420e+00	-4.228390e+02
8.600000e-07	4.928817e-07	-6.243672e-09	3.550916e+00	-4.112359e+02
8.700000e-07	6.451803e-07	-6.060745e-09	4.648136e+00	-3.991570e+02
8.800000e-07	7.971773e-07	-5.867902e-09	5.743183e+00	-3.865862e+02
8.900000e-07	9.488276e-07	-5.665453e-09	6.835732e+00	-3.734989e+02
9.000000e-07	1.100136e-06	-5.457382e-09	7.925816e+00	-3.598613e+02
9.100000e-07	1.251032e-06	-5.244815e-09	9.012934e+00	-3.456303e+02
9.200000e-07	1.401487e-06	-5.019959e-09	1.009687e+01	-3.307533e+02
9.300000e-07	1.551432e-06	-4.781844e-09	1.117714e+01	-3.151656e+02
9.400000e-07	1.700790e-06	-4.532720e-09	1.225317e+01	-2.987859e+02
9.500000e-07	1.849549e-06	-4.271444e-09	1.332489e+01	-2.815087e+02
9.600000e-07	1.997636e-06	-3.992601e-09	1.439177e+01	-2.631970e+02
9.700000e-07	2.145012e-06	-3.693893e-09	1.545352e+01	-2.436763e+02
9.800000e-07	2.291701e-06	-3.372830e-09	1.651033e+01	-2.227327e+02
9.900000e-07	2.437628e-06	-3.025431e-09	1.756165e+01	-2.001196e+02
1.000000e-06	2.582695e-06	-2.650537e-09	1.860677e+01	-1.755729e+02
1.010000e-06	2.726789e-06	-2.242903e-09	1.964488e+01	-1.488366e+02
1.020000e-06	2.869911e-06	-1.800361e-09	2.067598e+01	-1.196944e+02
1.030000e-06	3.011956e-06	-1.317269e-09	2.169934e+01	-8.800665e+01
1.040000e-06	3.152807e-06	-7.940522e-10	2.271408e+01	-5.374359e+01
1.050000e-06	3.292472e-06	-2.318670e-10	2.372028e+01	-1.701226e+01
1.060000e-06	3.430897e-06	3.623729e-10	2.471755e+01	2.193017e+01
1.070000e-06	3.567980e-06	9.840053e-10	2.570515e+01	6.267910e+01
1.080000e-06	3.703609e-06	1.626176e-09	2.668228e+01	1.047025e+02
1.090000e-06	3.837915e-06	2.276836e-09	2.764987e+01	1.473763e+02
1.100000e-06	3.970886e-06	2.925391e-09	2.860785e+01	1.900305e+02
1.110000e-06	4.102442e-06	3.562268e-09	2.955563e+01	2.320002e+02
1.120000e-06	4.232585e-06	4.179834e-09	3.049323e+01	2.726745e+02
1.130000e-06	4.361169e-06	4.769701e-09	3.141960e+01	3.115370e+02
1.140000e-06	4.488161e-06	5.327470e-09	3.233450e+01	3.481932e+02
1.150000e-06	4.613633e-06	5.846193e-09	3.323846e+01	3.823827e+02
1.160000e-06	4.737541e-06	6.324036e-09	3.413114e+01	4.139764e+02
1.170000e-06	4.859828e-06	6.761463e-09	3.501214e+01	4.429603e+02
1.180000e-06	4.980327e-06	7.161736e-09	3.588026e+01	4.694121e+02
1.190000e-06	5.098908e-06	7.528001e-09	3.673456e+01	4.934725e+02
1.200000e-06	5.215555e-06	7.860815e-09	3.757494e+01	5.153184e+02
1.210000e-06	5.330220e-06	8.160897e-09	3.840103e+01	5.351397e+02
1.220000e-06	5.442799e-06	8.430892e-09	3.921209e+01	5.531224e+02
1.230000e-06	5.553328e-06	8.675952e-09	4.000839e+01	5.694389e+02
1.240000e-06	5.661966e-06	8.900672e-09	4.079106e+01	5.842439e+02
1.250000e-06	5.768688e-06	9.102684e-09	4.155993e+01	5.976746e+02
1.260000e-06	5.873288e-06	9.284284e-09	4.231351e+01	6.098541e+02
1.270000e-06	5.975744e-06	9.450866e-09	4.305164e+01	6.208946e+02
1.280000e-06	6.076157e-06	9.604742e-09	4.377506e+01	6.309010e+02
1.290000e-06	6.174341e-06	9.744784e-09	4.448241e+01	6.399725e+02
1.300000e-06	6.270197e-06	9.870182e-09	4.517300e+01	6.482033e+02
1.310000e-06	6.363825e-06	9.983981e-09	4.584754e+01	6.556826e+02
1.320000e-06	6.455255e-06	1.008813e-08	4.650623e+01	6.624937e+02
1.330000e-06	6.544364e-06	1.018246e-08	4.714821e+01	6.687129e+02
1.340000e-06	6.631204e-06	1.026759e-08	4.777384e+01	6.744093e+02
1.350000e-06	6.715825e-06	1.034522e-08	4.838348e+01	6.796440e+02
1.360000e-06	6.798067e-06	1.041725e-08	4.897599e+01	6.844699e+02
1.370000e-06	6.877808e-06	1.048296e-08	4.955048e+01	6.889321e+02
1.380000e-06	6.955045e-06	1.054287e-08	5.010692e+01	6.930674e+02
1.390000e-06	7.029700e-06	1.059968e-08	5.064476e+01	6.969054e+02
1.400000e-06	7.101696e-06	1.065279e-08	5.116345e+01	7.004684e+02
1.410000e-06	7.171169e-06	1.070269e-08	5.166397e+01	7.037731e+02
1.420000e-06	7.238102e-06	1.074955e-08	5.214618e+01	7.068315e+02
1.430000e-06	7.302443e-06	1.079274e-08	5.260971e+01	7.096533e+02
1.440000e-06	7.364309e-06	1.083157e-08	5.305542e+01	7.122475e+02
1.450000e-06	7.423651e-06	1.086755e-08	5.348294e+01	7.146238e+02
1.460000e-06	7.480278e-06	1.090166e-08	5.389091e+01	7.167940e+02
1.470000e-06	7.534151e-06	1.093100e-08	5.427903e+01	7.187719e+02
1.480000e-06	7.585023e-06	1.095669e-08	5.464553e+01	7.205727e+02
1.490000e-06	7.632820e-06	1.098023e-08	5.498988e+01	7.222119e+02
1.500000e-06	7.677910e-06	1.100161e-08	5.531473e+01	7.237037e+02
1.510000e-06	7.720271e-06	1.102178e-08	5.561991e+01	7.250600e+02
1.520000e-06	7.759824e-06	1.103971e-08	5.590487e+01	7.262893e+02
1.530000e-06	7.796726e-06	1.105659e-08	5.617072e+01	7.273972e+02
1.540000e-06	7.830892e-06	1.107257e-08	5.641687e+01	7.283871e+02
1.550000e-06	7.862274e-06	1.108696e-08	5.664296e+01	7.292616e+02
1.560000e-06	7.890988e-06	1.109980e-08	5.684982e+01	7.300242e+02
1.570000e-06	7.916837e-06	1.110964e-08	5.703605e+01	7.306799e+02
1.580000e-06	7.939812e-06	1.111726e-08	5.720157e+01	7.312360e+02
1.590000e-06	7.960160e-06	1.112255e-08	5.734817e+01	7.317014e+02
1.600000e-06	7.977716e-06	1.112651e-08	5.747465e+01	7.320856e+02
1.610000e-06	7.992291e-06	1.113144e-08	5.757965e+01	7.323970e+02
1.620000e-06	8.003780e-06	1.113669e-08	5.766242e+01	7.326415e+02
1.630000e-06	8.012194e-06	1.114068e-08	5.772305e+01	7.328222e+02
1.640000e-06	8.017810e-06	1.114344e-08	5.776350e+01	7.329385e+02
1.650000e-06	8.020706e-06	1.114628e-08	5.778436e+01	7.329875e+02
1.660000e-06	8.020761e-06	1.115169e-08	5.778476e+01	7.329651e+02
1.670000e-06	8.018145e-06	1.114443e-08	5.776592e+01	7.328676e+02
1.680000e-06	8.012905e-06	1.114096e-08	5.772816e+01	7.326928e+02
1.690000e-06	8.004977e-06	1.113873e-08	5.767105e+01	7.324409e+02
1.700000e-06	7.994440e-06	1.113493e-08	5.759514e+01	7.321144e+02
1.710000e-06	7.981055e-06	1.113135e-08	5.749870e+01	7.317177e+02
1.720000e-06	7.964918e-06	1.113311e-08	5.738245e+01	7.312557e+02
1.730000e-06	7.946417e-06	1.114939e-08	5.724916e+01	7.307335e+02
1.740000e-06	7.925352e-06	1.107120e-08	5.709740e+01	7.301558e+02
1.750000e-06	7.900939e-06	1.102497e-08	5.692151e+01	7.295267e+02
1.760000e-06	7.872825e-06	1.107958e-08	5.671897e+01	7.288507e+02
1.770000e-06	7.841551e-06	1.108090e-08	5.649366e+01	7.281329e+02
1.780000e-06	7.807830e-06	1.105494e-08	5.625072e+01	7.273799e+02
1.790000e-06	7.771878e-06	1.110024e-08	5.599171e+01	7.265992e+02
1.800000e-06	7.733633e-06	1.108468e-08	5.571618e+01	7.257981e+02
1.810000e-06	7.693159e-06	1.093580e-08	5.542458e+01	7.249817e+02
1.820000e-06	7.650197e-06	1.106790e-08	5.511507e+01	7.241513e+02
1.830000e-06	7.604573e-06	1.103050e-08	5.478638e+01	7.233020e+02
1.840000e-06	7.556113e-06	1.097378e-08	5.443725e+01	7.224221e+02
1.850000e-06	7.504665e-06	1.105161e-08	5.406660e+01	7.214937e+02
1.860000e-06	7.450324e-06	1.091320e-08	5.367511e+01	7.204948e+02
1.870000e-06	7.393153e-06	1.101613e-08	5.326322e+01	7.194030e+02
1.880000e-06	7.333525e-06	1.095123e-08	5.283364e+01	7.181993e+02
1.890000e-06	7.271280e-06	1.093413e-08	5.238520e+01	7.168724e+02
1.900000e-06	7.206116e-06	1.094894e-08	5.191573e+01	7.154200e+02
1.910000e-06	7.138231e-06	1.081265e-08	5.142666e+01	7.138503e+02
1.920000e-06	7.067664e-06	1.089699e-08	5.091827e+01	7.121792e+02
1.930000e-06	6.994533e-06	1.083438e-08	5.039140e+01	7.104269e+02
1.940000e-06	6.918666e-06	1.085088e-08	4.984483e+01	7.086131e+02
1.950000e-06	6.840004e-06	1.076344e-08	4.927812e+01	7.067525e+02
1.960000e-06	6.758868e-06	1.071722e-08	4.869358e+01	7.048513e+02
1.970000e-06	6.675390e-06	1.077825e-08	4.809217e+01	7.029063e+02
1.980000e-06	6.589466e-06	1.067578e-08	4.747314e+01	7.009060e+02
1.990000e-06	6.501091e-06	1.069598e-08	4.683645e+01	6.988342e+02
2.000000e-06	6.410530e-06	1.061022e-08	4.618402e+01	6.966744e+02
2.010000e-06	6.317725e-06	1.060206e-08	4.551541e+01	6.944142e+02
2.020000e-06	6.222637e-06	1.055158e-08	4.483036e+01	6.920486e+02
2.030000e-06	6.125379e-06	1.053534e-08	4.412968e+01	6.895812e+02
2.040000e-06	6.025990e-06	1.051185e-08	4.341363e+01	6.870224e+02
2.050000e-06	5.924395e-06	1.042723e-08	4.268170e+01	6.843868e+02
2.060000e-06	5.820564e-06	1.040264e-08	4.193366e+01	6.816884e+02
2.070000e-06	5.714776e-06	1.035870e-08	4.117153e+01	6.789364e+02
2.080000e-06	5.607021e-06	1.035288e-08	4.039522e+01	6.761326e+02
2.090000e-06	5.497154e-06	1.026880e-08	3.960369e+01	6.732707e+02
2.100000e-06	5.385224e-06	1.022823e-08	3.879730e+01	6.703377e+02
2.110000e-06	5.271310e-06	1.018617e-08	3.797662e+01	6.673170e+02
2.120000e-06	5.155281e-06	1.015383e-08	3.714070e+01	6.641929e+02
2.130000e-06	5.037191e-06	1.009415e-08	3.628993e+01	6.609543e+02
2.140000e-06	4.917298e-06	1.003949e-08	3.542617e+01	6.575964e+02
2.150000e-06	4.795656e-06	9.989264e-09	3.454982e+01	6.541215e+02
2.160000e-06	4.672247e-06	9.927452e-09	3.366073e+01	6.505365e+02
2.170000e-06	4.547015e-06	9.879204e-09	3.275851e+01	6.468497e+02
2.180000e-06	4.420160e-06	9.826104e-09	3.184459e+01	6.430670e+02
2.190000e-06	4.291770e-06	9.768691e-09	3.091962e+01	6.391887e+02
2.200000e-06	4.161896e-06	9.690319e-09	2.998396e+01	6.352084e+02
2.210000e-06	4.030614e-06	9.638268e-09	2.903815e+01	6.311135e+02
2.220000e-06	3.897836e-06	9.583278e-09	2.808157e+01	6.268883e+02
2.230000e-06	3.763618e-06	9.520183e-09	2.711461e+01	6.225178e+02
2.240000e-06	3.628149e-06	9.439004e-09	2.613863e+01	6.179913e+02
2.250000e-06	3.491406e-06	9.372485e-09	2.515348e+01	6.133051e+02
2.260000e-06	3.353326e-06	9.306898e-09	2.415870e+01	6.084628e+02
2.270000e-06	3.213898e-06	9.230030e-09	2.315420e+01	6.034737e+02
2.280000e-06	3.073136e-06	9.147724e-09	2.214010e+01	5.983489e+02
2.290000e-06	2.931229e-06	9.069471e-09	2.111775e+01	5.930970e+02
2.300000e-06	2.788326e-06	8.988087e-09	2.008821e+01	5.877198e+02
2.310000e-06	2.644455e-06	8.902774e-09	1.905171e+01	5.822103e+02
2.320000e-06	2.499615e-06	8.822053e-09	1.800822e+01	5.765525e+02
2.330000e-06	2.353871e-06	8.734907e-09	1.695822e+01	5.707239e+02
2.340000e-06	2.207332e-06	8.637937e-09	1.590250e+01	5.647001e+02
2.350000e-06	2.060120e-06	8.538235e-09	1.484193e+01	5.584590e+02
2.360000e-06	1.912166e-06	8.446322e-09	1.377601e+01	5.519857e+02
2.370000e-06	1.763402e-06	8.348191e-09	1.270425e+01	5.452735e+02
2.380000e-06	1.613949e-06	8.238821e-09	1.162753e+01	5.383238e+02
2.390000e-06	1.463958e-06	8.128510e-09	1.054693e+01	5.311430e+02
2.400000e-06	1.313499e-06	8.019976e-09	9.462973e+00	5.237371e+02
2.410000e-06	1.162625e-06	7.903850e-09	8.376015e+00	5.161071e+02
2.420000e-06	1.011387e-06	7.780738e-09	7.286433e+00	5.082441e+02
2.430000e-06	8.598421e-07	7.656164e-09	6.194645e+00	5.001284e+02
2.440000e-06	7.080203e-07	7.527273e-09	5.100861e+00	4.917298e+02
2.450000e-06	5.559410e-07	7.390570e-09	4.005221e+00	4.830113e+02
2.460000e-06	4.036668e-07	7.252694e-09	2.908177e+00	4.739340e+02
2.470000e-06	2.511818e-07	7.112951e-09	1.809614e+00	4.644623e+02
2.480000e-06	9.858755e-08	6.962467e-09	7.102640e-01	4.545677e+02
2.490000e-06	-5.396919e-08	6.803764e-09	-3.888156e-01	4.442306e+02
2.500000e-06	-2.064764e-07	6.641657e-09	-1.487538e+00	4.334393e+02
2.510000e-06	-3.589184e-07	6.472614e-09	-2.585792e+00	4.221865e+02
2.520000e-06	-5.112307e-07	6.292388e-09	-3.683110e+00	4.104655e+02
2.530000e-06	-6.633164e-07	6.102908e-09	-4.778796e+00	3.982654e+02
2.540000e-06	-8.150899e-07	5.907325e-09	-5.872233e+00	3.855681e+02
2.550000e-06	-9.665201e-07	5.704388e-09	-6.963197e+00	3.723467e+02
2.560000e-06	-1.117609e-06	5.492850e-09	-8.051702e+00	3.585651e+02
2.570000e-06	-1.268339e-06	5.273625e-09	-9.137623e+00	3.441778e+02
2.580000e-06	-1.418641e-06	5.046046e-09	-1.022046e+01	3.291297e+02
2.590000e-06	-1.568514e-06	4.806241e-09	-1.130020e+01	3.133524e+02
2.600000e-06	-1.717869e-06	4.553325e-09	-1.237621e+01	2.967592e+02
2.610000e-06	-1.866548e-06	4.287392e-09	-1.344736e+01	2.792375e+02
2.620000e-06	-2.014430e-06	4.004116e-09	-1.451276e+01	2.606415e+02
2.630000e-06	-2.161516e-06	3.698731e-09	-1.557242e+01	2.407865e+02
2.640000e-06	-2.307843e-06	3.371212e-09	-1.662662e+01	2.194496e+02
2.650000e-06	-2.453331e-06	3.018852e-09	-1.767477e+01	1.963780e+02
2.660000e-06	-2.597982e-06	2.636745e-09	-1.871690e+01	1.713069e+02
2.670000e-06	-2.741729e-06	2.222173e-09	-1.975251e+01	1.439869e+02
2.680000e-06	-2.884512e-06	1.772743e-09	-2.078118e+01	1.142176e+02
2.690000e-06	-3.026271e-06	1.282743e-09	-2.180246e+01	8.188376e+01
2.700000e-06	-3.166729e-06	7.493996e-10	-2.281438e+01	4.698778e+01
2.710000e-06	-3.305839e-06	1.788341e-10	-2.381658e+01	9.673557e+00
2.720000e-06	-3.443719e-06	-4.227200e-10	-2.480992e+01	-2.976394e+01
2.730000e-06	-3.580369e-06	-1.050082e-09	-2.579441e+01	-7.088574e+01
2.740000e-06	-3.715734e-06	-1.697867e-09	-2.676963e+01	-1.131330e+02
2.750000e-06	-3.849818e-06	-2.353499e-09	-2.773562e+01	-1.558654e+02
2.760000e-06	-3.982469e-06	-3.006377e-09	-2.869129e+01	-1.984096e+02
2.770000e-06	-4.113609e-06	-3.644896e-09	-2.963608e+01	-2.401097e+02
2.780000e-06	-4.243339e-06	-4.260785e-09	-3.057071e+01	-2.803751e+02
2.790000e-06	-4.371574e-06	-4.848612e-09	-3.149456e+01	-3.187179e+02
2.800000e-06	-4.498315e-06	-5.402330e-09	-3.240766e+01	-3.547766e+02
2.810000e-06	-4.623456e-06	-5.918255e-09	-3.330922e+01	-3.883245e+02
2.820000e-06	-4.746860e-06	-6.390265e-09	-3.419827e+01	-4.192631e+02
2.830000e-06	-4.868594e-06	-6.823954e-09	-3.507530e+01	-4.476038e+02
2.840000e-06	-4.988620e-06	-7.222281e-09	-3.594001e+01	-4.734428e+02
2.850000e-06	-5.106725e-06	-7.585073e-09	-3.679089e+01	-4.969322e+02
2.860000e-06	-5.222682e-06	-7.914078e-09	-3.762629e+01	-5.182541e+02
2.870000e-06	-5.336508e-06	-8.211376e-09	-3.844633e+01	-5.375988e+02
2.880000e-06	-5.448269e-06	-8.480941e-09	-3.925150e+01	-5.551495e+02
2.890000e-06	-5.557977e-06	-8.725157e-09	-4.004188e+01	-5.710744e+02
2.900000e-06	-5.665781e-06	-8.947049e-09	-4.081855e+01	-5.855236e+02
2.910000e-06	-5.771721e-06	-9.148210e-09	-4.158178e+01	-5.986305e+02
2.920000e-06	-5.875631e-06	-9.329728e-09	-4.233039e+01	-6.105151e+02
2.930000e-06	-5.977278e-06	-9.494220e-09	-4.306270e+01	-6.212876e+02
2.940000e-06	-6.076709e-06	-9.643614e-09	-4.377903e+01	-6.310513e+02
2.950000e-06	-6.174069e-06	-9.780901e-09	-4.448046e+01	-6.399040e+02
2.960000e-06	-6.269353e-06	-9.905192e-09	-4.516692e+01	-6.479389e+02
2.970000e-06	-6.362385e-06	-1.001670e-08	-4.583716e+01	-6.552436e+02
2.980000e-06	-6.453164e-06	-1.011867e-08	-4.649117e+01	-6.618999e+02
2.990000e-06	-6.541742e-06	-1.021122e-08	-4.712932e+01	-6.679824e+02
3.000000e-06	-6.627948e-06	-1.029628e-08	-4.775038e+01	-6.735580e+02
3.010000e-06	-6.711748e-06	-1.037373e-08	-4.835411e+01	-6.786859e+02
3.020000e-06	-6.793216e-06	-1.044634e-08	-4.894104e+01	-6.834170e+02
3.030000e-06	-6.872215e-06	-1.051593e-08	-4.951018e+01	-6.877944e+02
3.040000e-06	-6.948468e-06	-1.058097e-08	-5.005954e+01	-6.918530e+02
3.050000e-06	-7.022095e-06	-1.064279e-08	-5.058997e+01	-6.956204e+02
3.060000e-06	-7.093265e-06	-1.069937e-08	-5.110271e+01	-6.991176e+02
3.070000e-06	-7.161830e-06	-1.074898e-08	-5.159668e+01	-7.023597e+02
3.080000e-06	-7.227848e-06	-1.079397e-08	-5.207230e+01	-7.053582e+02
3.090000e-06	-7.291359e-06	-1.083435e-08	-5.252986e+01	-7.081224e+02
3.100000e-06	-7.352211e-06	-1.087309e-08	-5.296826e+01	-7.106612e+02
3.110000e-06	-7.410420e-06	-1.090782e-08	-5.338762e+01	-7.129848e+02
3.120000e-06	-7.465928e-06	-1.094035e-08	-5.378753e+01	-7.151056e+02
3.130000e-06	-7.518514e-06	-1.097089e-08	-5.416638e+01	-7.170378e+02
3.140000e-06	-7.568041e-06	-1.099778e-08	-5.452319e+01	-7.187969e+02
3.150000e-06	-7.614618e-06	-1.102414e-08	-5.485874e+01	-7.203980e+02
3.160000e-06	-7.658635e-06	-1.104827e-08	-5.517586e+01	-7.218551e+02
3.170000e-06	-7.700201e-06	-1.106956e-08	-5.547532e+01	-7.231790e+02
3.180000e-06	-7.739094e-06	-1.108805e-08	-5.575552e+01	-7.243776e+02
3.190000e-06	-7.775226e-06	-1.110506e-08	-5.601583e+01	-7.254558e+02
3.200000e-06	-7.808664e-06	-1.111986e-08	-5.625673e+01	-7.264166e+02
3.210000e-06	-7.839290e-06	-1.113238e-08	-5.647738e+01	-7.272628e+02
3.220000e-06	-7.867056e-06	-1.114158e-08	-5.667741e+01	-7.279982e+02
3.230000e-06	-7.892159e-06	-1.114979e-08	-5.685826e+01	-7.286283e+02
3.240000e-06	-7.914488e-06	-1.115813e-08	-5.701913e+01	-7.291609e+02
3.250000e-06	-7.933999e-06	-1.116603e-08	-5.715969e+01	-7.296053e+02
3.260000e-06	-7.950720e-06	-1.117197e-08	-5.728016e+01	-7.299706e+02
3.270000e-06	-7.964369e-06	-1.117745e-08	-5.737849e+01	-7.302649e+02
3.280000e-06	-7.974988e-06	-1.118125e-08	-5.745499e+01	-7.304934e+02
3.290000e-06	-7.982835e-06	-1.118357e-08	-5.751153e+01	-7.306582e+02
3.300000e-06	-7.987791e-06	-1.118469e-08	-5.754723e+01	-7.307581e+02
3.310000e-06	-7.989901e-06	-1.118117e-08	-5.756243e+01	-7.307897e+02
