# Temperatura_=_20.0
# Concentracion g/m^3_=_11600.0
# C_Vs_to_Am_M_A/Vsm_=_65563218390.804596
# pendiente_HvsI_1/m_=_3716.3
# ordenada_HvsI_A/m_=_1297.0
# frecuencia_Hz_=_301711.66107149294

Tiempo_(s)	Campo_(V.s)	Magnetizacion_(V.s)	Campo_(kA/m)	Magnetizacion_(A/m)
0.000000e+00	-7.893434e-06	-8.931129e-09	-5.755926e+01	-5.833753e+02
1.000000e-08	-7.891074e-06	-8.931597e-09	-5.754205e+01	-5.832696e+02
2.000000e-08	-7.886073e-06	-8.928397e-09	-5.750558e+01	-5.830952e+02
3.000000e-08	-7.878638e-06	-8.924306e-09	-5.745137e+01	-5.828505e+02
4.000000e-08	-7.868517e-06	-8.917770e-09	-5.737757e+01	-5.825354e+02
5.000000e-08	-7.855476e-06	-8.907952e-09	-5.728247e+01	-5.821514e+02
6.000000e-08	-7.839573e-06	-8.894691e-09	-5.716651e+01	-5.817018e+02
7.000000e-08	-7.821109e-06	-8.874189e-09	-5.703187e+01	-5.811913e+02
8.000000e-08	-7.800248e-06	-8.872283e-09	-5.687975e+01	-5.806262e+02
9.000000e-08	-7.776609e-06	-8.911065e-09	-5.670737e+01	-5.800140e+02
1.000000e-07	-7.749806e-06	-8.903625e-09	-5.651192e+01	-5.793632e+02
1.100000e-07	-7.720038e-06	-8.866044e-09	-5.629485e+01	-5.786831e+02
1.200000e-07	-7.687528e-06	-8.844971e-09	-5.605779e+01	-5.779834e+02
1.300000e-07	-7.652284e-06	-8.819893e-09	-5.580079e+01	-5.772730e+02
1.400000e-07	-7.614754e-06	-8.777786e-09	-5.552712e+01	-5.765589e+02
1.500000e-07	-7.575208e-06	-8.801744e-09	-5.523874e+01	-5.758445e+02
1.600000e-07	-7.533116e-06	-8.856066e-09	-5.493181e+01	-5.751288e+02
1.700000e-07	-7.488221e-06	-8.751803e-09	-5.460444e+01	-5.744048e+02
1.800000e-07	-7.440667e-06	-8.741435e-09	-5.425767e+01	-5.736596e+02
1.900000e-07	-7.390112e-06	-8.776207e-09	-5.388902e+01	-5.728755e+02
2.000000e-07	-7.336565e-06	-8.741458e-09	-5.349855e+01	-5.720317e+02
2.100000e-07	-7.280352e-06	-8.755145e-09	-5.308864e+01	-5.711075e+02
2.200000e-07	-7.221434e-06	-8.703563e-09	-5.265901e+01	-5.700850e+02
2.300000e-07	-7.159943e-06	-8.668173e-09	-5.221062e+01	-5.689525e+02
2.400000e-07	-7.095919e-06	-8.647628e-09	-5.174375e+01	-5.677058e+02
2.500000e-07	-7.029188e-06	-8.627090e-09	-5.125714e+01	-5.663490e+02
2.600000e-07	-6.959839e-06	-8.632439e-09	-5.075145e+01	-5.648930e+02
2.700000e-07	-6.887956e-06	-8.589211e-09	-5.022728e+01	-5.633526e+02
2.800000e-07	-6.813397e-06	-8.544223e-09	-4.968359e+01	-5.617437e+02
2.900000e-07	-6.736234e-06	-8.515986e-09	-4.912092e+01	-5.600789e+02
3.000000e-07	-6.656431e-06	-8.528555e-09	-4.853898e+01	-5.583656e+02
3.100000e-07	-6.574028e-06	-8.502005e-09	-4.793810e+01	-5.566043e+02
3.200000e-07	-6.489457e-06	-8.435930e-09	-4.732140e+01	-5.547895e+02
3.300000e-07	-6.402810e-06	-8.418917e-09	-4.668957e+01	-5.529114e+02
3.400000e-07	-6.313869e-06	-8.383435e-09	-4.604100e+01	-5.509599e+02
3.500000e-07	-6.222549e-06	-8.362003e-09	-4.537510e+01	-5.489267e+02
3.600000e-07	-6.129112e-06	-8.333178e-09	-4.469375e+01	-5.468089e+02
3.700000e-07	-6.033556e-06	-8.293829e-09	-4.399695e+01	-5.446091e+02
3.800000e-07	-5.935608e-06	-8.245663e-09	-4.328271e+01	-5.423354e+02
3.900000e-07	-5.835473e-06	-8.206131e-09	-4.255252e+01	-5.399986e+02
4.000000e-07	-5.733361e-06	-8.189927e-09	-4.180791e+01	-5.376093e+02
4.100000e-07	-5.629213e-06	-8.158879e-09	-4.104847e+01	-5.351747e+02
4.200000e-07	-5.522931e-06	-8.114443e-09	-4.027345e+01	-5.326961e+02
4.300000e-07	-5.414647e-06	-8.052561e-09	-3.948384e+01	-5.301682e+02
4.400000e-07	-5.304508e-06	-8.019670e-09	-3.868070e+01	-5.275801e+02
4.500000e-07	-5.192427e-06	-7.992887e-09	-3.786341e+01	-5.249177e+02
4.600000e-07	-5.078261e-06	-7.949350e-09	-3.703090e+01	-5.221672e+02
4.700000e-07	-4.962014e-06	-7.894377e-09	-3.618322e+01	-5.193184e+02
4.800000e-07	-4.843869e-06	-7.849350e-09	-3.532170e+01	-5.163666e+02
4.900000e-07	-4.723993e-06	-7.810878e-09	-3.444756e+01	-5.133135e+02
5.000000e-07	-4.602375e-06	-7.764167e-09	-3.356072e+01	-5.101659e+02
5.100000e-07	-4.478959e-06	-7.721129e-09	-3.266076e+01	-5.069330e+02
5.200000e-07	-4.353943e-06	-7.671306e-09	-3.174914e+01	-5.036229e+02
5.300000e-07	-4.227455e-06	-7.612256e-09	-3.082679e+01	-5.002398e+02
5.400000e-07	-4.099590e-06	-7.550873e-09	-2.989439e+01	-4.967815e+02
5.500000e-07	-3.970240e-06	-7.505997e-09	-2.895116e+01	-4.932396e+02
5.600000e-07	-3.839269e-06	-7.456367e-09	-2.799611e+01	-4.896008e+02
5.700000e-07	-3.706854e-06	-7.386233e-09	-2.703054e+01	-4.858496e+02
5.800000e-07	-3.573163e-06	-7.317120e-09	-2.605566e+01	-4.819720e+02
5.900000e-07	-3.438318e-06	-7.259835e-09	-2.507237e+01	-4.779581e+02
6.000000e-07	-3.302405e-06	-7.202990e-09	-2.408128e+01	-4.738043e+02
6.100000e-07	-3.165263e-06	-7.137935e-09	-2.308124e+01	-4.695129e+02
6.200000e-07	-3.026706e-06	-7.073140e-09	-2.207087e+01	-4.650908e+02
6.300000e-07	-2.886813e-06	-7.003564e-09	-2.105077e+01	-4.605460e+02
6.400000e-07	-2.745794e-06	-6.925382e-09	-2.002245e+01	-4.558850e+02
6.500000e-07	-2.603773e-06	-6.852946e-09	-1.898682e+01	-4.511096e+02
6.600000e-07	-2.460650e-06	-6.785403e-09	-1.794316e+01	-4.462154e+02
6.700000e-07	-2.316484e-06	-6.705006e-09	-1.689190e+01	-4.411926e+02
6.800000e-07	-2.171502e-06	-6.616062e-09	-1.583469e+01	-4.360273e+02
6.900000e-07	-2.025711e-06	-6.535210e-09	-1.477157e+01	-4.307041e+02
7.000000e-07	-1.879103e-06	-6.460082e-09	-1.370250e+01	-4.252093e+02
7.100000e-07	-1.731897e-06	-6.375488e-09	-1.262907e+01	-4.195329e+02
7.200000e-07	-1.584284e-06	-6.284125e-09	-1.155267e+01	-4.136689e+02
7.300000e-07	-1.436222e-06	-6.192282e-09	-1.047299e+01	-4.076146e+02
7.400000e-07	-1.287694e-06	-6.095052e-09	-9.389920e+00	-4.013685e+02
7.500000e-07	-1.138696e-06	-5.995536e-09	-8.303422e+00	-3.949271e+02
7.600000e-07	-9.892784e-07	-5.896662e-09	-7.213861e+00	-3.882826e+02
7.700000e-07	-8.395798e-07	-5.791971e-09	-6.122252e+00	-3.814207e+02
7.800000e-07	-6.895939e-07	-5.677538e-09	-5.028549e+00	-3.743210e+02
7.900000e-07	-5.393216e-07	-5.563171e-09	-3.932757e+00	-3.669577e+02
8.000000e-07	-3.888763e-07	-5.453294e-09	-2.835703e+00	-3.593025e+02
8.100000e-07	-2.383442e-07	-5.336755e-09	-1.738016e+00	-3.513269e+02
8.200000e-07	-8.771720e-08	-5.207235e-09	-6.396376e-01	-3.430053e+02
8.300000e-07	6.297458e-08	-5.068763e-09	4.592134e-01	-3.343163e+02
8.400000e-07	2.136170e-07	-4.927568e-09	1.557704e+00	-3.252429e+02
8.500000e-07	3.641780e-07	-4.783805e-09	2.655602e+00	-3.157721e+02
8.600000e-07	5.146335e-07	-4.635956e-09	3.752730e+00	-3.058930e+02
8.700000e-07	6.649060e-07	-4.480687e-09	4.848524e+00	-2.955952e+02
8.800000e-07	8.149329e-07	-4.312394e-09	5.942526e+00	-2.848674e+02
8.900000e-07	9.647041e-07	-4.137763e-09	7.034664e+00	-2.736957e+02
9.000000e-07	1.114174e-06	-3.963498e-09	8.124609e+00	-2.620621e+02
9.100000e-07	1.263205e-06	-3.784707e-09	9.211346e+00	-2.499428e+02
9.200000e-07	1.411731e-06	-3.591460e-09	1.029440e+01	-2.373041e+02
9.300000e-07	1.559771e-06	-3.386713e-09	1.137392e+01	-2.240974e+02
9.400000e-07	1.707374e-06	-3.176545e-09	1.245024e+01	-2.102523e+02
9.500000e-07	1.854530e-06	-2.957006e-09	1.352331e+01	-1.956699e+02
9.600000e-07	2.001051e-06	-2.725017e-09	1.459175e+01	-1.802162e+02
9.700000e-07	2.146686e-06	-2.475947e-09	1.565373e+01	-1.637213e+02
9.800000e-07	2.291458e-06	-2.203632e-09	1.670941e+01	-1.459826e+02
9.900000e-07	2.435500e-06	-1.907221e-09	1.775977e+01	-1.267775e+02
1.000000e-06	2.578649e-06	-1.589699e-09	1.880362e+01	-1.058837e+02
1.010000e-06	2.720744e-06	-1.245686e-09	1.983978e+01	-8.310570e+01
1.020000e-06	2.861815e-06	-8.677247e-10	2.086848e+01	-5.830638e+01
1.030000e-06	3.001864e-06	-4.554746e-10	2.188972e+01	-3.143738e+01
1.040000e-06	3.140804e-06	-1.418283e-11	2.290288e+01	-2.563999e+00
1.050000e-06	3.278425e-06	4.525467e-10	2.390642e+01	2.812033e+01
1.060000e-06	3.414665e-06	9.417978e-10	2.489988e+01	6.029353e+01
1.070000e-06	3.549672e-06	1.449925e-09	2.588436e+01	9.351996e+01
1.080000e-06	3.683468e-06	1.968375e-09	2.686001e+01	1.272799e+02
1.090000e-06	3.815945e-06	2.484240e-09	2.782604e+01	1.610100e+02
1.100000e-06	3.947155e-06	2.985968e-09	2.878283e+01	1.941493e+02
1.110000e-06	4.076963e-06	3.467483e-09	2.972939e+01	2.261841e+02
1.120000e-06	4.205160e-06	3.928571e-09	3.066421e+01	2.566856e+02
1.130000e-06	4.331914e-06	4.364678e-09	3.158851e+01	2.853358e+02
1.140000e-06	4.457245e-06	4.768168e-09	3.250242e+01	3.119383e+02
1.150000e-06	4.581043e-06	5.138297e-09	3.340517e+01	3.364141e+02
1.160000e-06	4.703205e-06	5.478562e-09	3.429598e+01	3.587843e+02
1.170000e-06	4.823613e-06	5.788785e-09	3.517400e+01	3.791452e+02
1.180000e-06	4.942257e-06	6.069929e-09	3.603915e+01	3.976397e+02
1.190000e-06	5.059099e-06	6.324562e-09	3.689117e+01	4.144295e+02
1.200000e-06	5.173919e-06	6.554733e-09	3.772844e+01	4.296746e+02
1.210000e-06	5.286564e-06	6.759956e-09	3.854985e+01	4.435190e+02
1.220000e-06	5.397312e-06	6.945681e-09	3.935743e+01	4.560862e+02
1.230000e-06	5.506330e-06	7.117090e-09	4.015240e+01	4.674803e+02
1.240000e-06	5.613512e-06	7.274282e-09	4.093398e+01	4.777922e+02
1.250000e-06	5.718577e-06	7.415537e-09	4.170011e+01	4.871073e+02
1.260000e-06	5.821465e-06	7.541983e-09	4.245038e+01	4.955120e+02
1.270000e-06	5.922311e-06	7.660493e-09	4.318575e+01	5.030967e+02
1.280000e-06	6.020983e-06	7.768609e-09	4.390527e+01	5.099557e+02
1.290000e-06	6.117370e-06	7.863389e-09	4.460813e+01	5.161842e+02
1.300000e-06	6.211602e-06	7.946895e-09	4.529528e+01	5.218727e+02
1.310000e-06	6.303812e-06	8.022032e-09	4.596767e+01	5.271017e+02
1.320000e-06	6.393807e-06	8.092306e-09	4.662392e+01	5.319374e+02
1.330000e-06	6.481501e-06	8.159625e-09	4.726339e+01	5.364305e+02
1.340000e-06	6.566975e-06	8.222747e-09	4.788667e+01	5.406161e+02
1.350000e-06	6.650206e-06	8.279295e-09	4.849359e+01	5.445172e+02
1.360000e-06	6.730977e-06	8.331992e-09	4.908258e+01	5.481487e+02
1.370000e-06	6.809250e-06	8.381894e-09	4.965335e+01	5.515221e+02
1.380000e-06	6.885040e-06	8.428957e-09	5.020601e+01	5.546485e+02
1.390000e-06	6.958210e-06	8.473338e-09	5.073957e+01	5.575415e+02
1.400000e-06	7.028887e-06	8.512329e-09	5.125495e+01	5.602170e+02
1.410000e-06	7.097133e-06	8.547400e-09	5.175260e+01	5.626927e+02
1.420000e-06	7.162777e-06	8.580732e-09	5.223128e+01	5.649864e+02
1.430000e-06	7.225865e-06	8.612244e-09	5.269132e+01	5.671141e+02
1.440000e-06	7.286522e-06	8.642408e-09	5.313364e+01	5.690888e+02
1.450000e-06	7.344583e-06	8.670418e-09	5.355702e+01	5.709200e+02
1.460000e-06	7.400042e-06	8.696059e-09	5.396143e+01	5.726139e+02
1.470000e-06	7.452785e-06	8.718494e-09	5.434603e+01	5.741747e+02
1.480000e-06	7.502414e-06	8.739057e-09	5.470793e+01	5.756056e+02
1.490000e-06	7.549074e-06	8.759622e-09	5.504818e+01	5.769097e+02
1.500000e-06	7.593096e-06	8.779080e-09	5.536919e+01	5.780914e+02
1.510000e-06	7.634406e-06	8.795161e-09	5.567042e+01	5.791560e+02
1.520000e-06	7.672984e-06	8.806588e-09	5.595173e+01	5.801099e+02
1.530000e-06	7.708941e-06	8.817287e-09	5.621393e+01	5.809602e+02
1.540000e-06	7.742191e-06	8.830410e-09	5.645639e+01	5.817140e+02
1.550000e-06	7.772751e-06	8.843038e-09	5.667924e+01	5.823781e+02
1.560000e-06	7.800660e-06	8.852690e-09	5.688275e+01	5.829590e+02
1.570000e-06	7.825705e-06	8.859343e-09	5.706538e+01	5.834624e+02
1.580000e-06	7.847942e-06	8.865682e-09	5.722754e+01	5.838938e+02
1.590000e-06	7.867563e-06	8.871630e-09	5.737061e+01	5.842579e+02
1.600000e-06	7.884387e-06	8.876322e-09	5.749330e+01	5.845591e+02
1.610000e-06	7.898271e-06	8.879466e-09	5.759453e+01	5.848004e+02
1.620000e-06	7.909114e-06	8.881003e-09	5.767360e+01	5.849838e+02
1.630000e-06	7.916944e-06	8.883347e-09	5.773070e+01	5.851100e+02
1.640000e-06	7.922035e-06	8.886570e-09	5.776783e+01	5.851778e+02
1.650000e-06	7.924357e-06	8.891160e-09	5.778476e+01	5.851851e+02
1.660000e-06	7.923876e-06	8.891025e-09	5.778125e+01	5.851289e+02
1.670000e-06	7.920821e-06	8.885995e-09	5.775897e+01	5.850060e+02
1.680000e-06	7.915105e-06	8.884538e-09	5.771729e+01	5.848140e+02
1.690000e-06	7.906709e-06	8.883693e-09	5.765607e+01	5.845515e+02
1.700000e-06	7.895736e-06	8.881191e-09	5.757605e+01	5.842188e+02
1.710000e-06	7.881933e-06	8.879369e-09	5.747540e+01	5.838179e+02
1.720000e-06	7.865477e-06	8.887286e-09	5.735540e+01	5.833524e+02
1.730000e-06	7.846760e-06	8.881414e-09	5.721892e+01	5.828274e+02
1.740000e-06	7.825430e-06	8.815712e-09	5.706337e+01	5.822496e+02
1.750000e-06	7.800733e-06	8.797065e-09	5.688328e+01	5.816267e+02
1.760000e-06	7.772388e-06	8.819001e-09	5.667659e+01	5.809675e+02
1.770000e-06	7.740938e-06	8.814284e-09	5.644726e+01	5.802815e+02
1.780000e-06	7.707134e-06	8.827894e-09	5.620075e+01	5.795782e+02
1.790000e-06	7.671177e-06	8.856218e-09	5.593856e+01	5.788662e+02
1.800000e-06	7.633000e-06	8.780144e-09	5.566017e+01	5.781516e+02
1.810000e-06	7.592504e-06	8.733967e-09	5.536487e+01	5.774371e+02
1.820000e-06	7.549513e-06	8.796011e-09	5.505138e+01	5.767200e+02
1.830000e-06	7.503917e-06	8.755620e-09	5.471889e+01	5.759919e+02
1.840000e-06	7.455546e-06	8.785918e-09	5.436616e+01	5.752387e+02
1.850000e-06	7.404338e-06	8.743333e-09	5.399275e+01	5.744415e+02
1.860000e-06	7.350223e-06	8.678715e-09	5.359815e+01	5.735794e+02
1.870000e-06	7.293276e-06	8.745588e-09	5.318289e+01	5.726319e+02
1.880000e-06	7.233923e-06	8.713411e-09	5.275008e+01	5.715825e+02
1.890000e-06	7.171922e-06	8.735674e-09	5.229796e+01	5.704214e+02
1.900000e-06	7.107073e-06	8.681715e-09	5.182508e+01	5.691463e+02
1.910000e-06	7.039561e-06	8.616144e-09	5.133278e+01	5.677633e+02
1.920000e-06	6.969346e-06	8.642277e-09	5.082078e+01	5.662845e+02
1.930000e-06	6.896614e-06	8.625880e-09	5.029041e+01	5.647254e+02
1.940000e-06	6.821252e-06	8.640430e-09	4.974086e+01	5.631013e+02
1.950000e-06	6.743072e-06	8.545507e-09	4.917078e+01	5.614239e+02
1.960000e-06	6.662390e-06	8.522346e-09	4.858244e+01	5.596986e+02
1.970000e-06	6.579472e-06	8.525160e-09	4.797780e+01	5.579245e+02
1.980000e-06	6.494182e-06	8.505094e-09	4.735586e+01	5.560946e+02
1.990000e-06	6.406436e-06	8.501810e-09	4.671601e+01	5.541990e+02
2.000000e-06	6.316514e-06	8.413140e-09	4.606030e+01	5.522275e+02
2.010000e-06	6.224453e-06	8.387653e-09	4.538899e+01	5.501731e+02
2.020000e-06	6.130074e-06	8.353937e-09	4.470077e+01	5.480341e+02
2.030000e-06	6.033482e-06	8.362944e-09	4.399641e+01	5.458147e+02
2.040000e-06	5.934888e-06	8.330950e-09	4.327746e+01	5.435240e+02
2.050000e-06	5.834185e-06	8.263052e-09	4.254313e+01	5.411730e+02
2.060000e-06	5.731214e-06	8.209171e-09	4.179226e+01	5.387717e+02
2.070000e-06	5.626173e-06	8.185949e-09	4.102630e+01	5.363261e+02
2.080000e-06	5.519309e-06	8.193446e-09	4.024705e+01	5.338358e+02
2.090000e-06	5.410542e-06	8.136608e-09	3.945391e+01	5.312939e+02
2.100000e-06	5.299684e-06	8.076581e-09	3.864553e+01	5.286883e+02
2.110000e-06	5.186814e-06	8.020839e-09	3.782248e+01	5.260050e+02
2.120000e-06	5.072028e-06	8.001884e-09	3.698545e+01	5.232305e+02
2.130000e-06	4.955249e-06	7.967615e-09	3.613389e+01	5.203560e+02
2.140000e-06	4.836397e-06	7.921830e-09	3.526721e+01	5.173783e+02
2.150000e-06	4.715722e-06	7.857280e-09	3.438725e+01	5.143006e+02
2.160000e-06	4.593450e-06	7.794337e-09	3.349564e+01	5.111307e+02
2.170000e-06	4.469597e-06	7.754610e-09	3.259250e+01	5.078776e+02
2.180000e-06	4.344097e-06	7.727956e-09	3.167735e+01	5.045489e+02
2.190000e-06	4.216876e-06	7.682214e-09	3.074965e+01	5.011473e+02
2.200000e-06	4.088140e-06	7.602425e-09	2.981090e+01	4.976690e+02
2.210000e-06	3.958062e-06	7.538100e-09	2.886236e+01	4.941041e+02
2.220000e-06	3.826741e-06	7.496120e-09	2.790476e+01	4.904385e+02
2.230000e-06	3.694054e-06	7.457281e-09	2.693720e+01	4.866567e+02
2.240000e-06	3.559907e-06	7.391606e-09	2.595900e+01	4.827455e+02
2.250000e-06	3.424433e-06	7.321609e-09	2.497111e+01	4.786966e+02
2.260000e-06	3.287797e-06	7.254854e-09	2.397476e+01	4.745078e+02
2.270000e-06	3.150021e-06	7.194265e-09	2.297009e+01	4.701828e+02
2.280000e-06	3.011115e-06	7.134919e-09	2.195719e+01	4.657291e+02
2.290000e-06	2.871038e-06	7.069818e-09	2.093574e+01	4.611547e+02
2.300000e-06	2.729704e-06	6.986143e-09	1.990512e+01	4.564649e+02
2.310000e-06	2.587280e-06	6.900829e-09	1.886656e+01	4.516603e+02
2.320000e-06	2.443864e-06	6.833155e-09	1.782077e+01	4.467349e+02
2.330000e-06	2.299547e-06	6.770075e-09	1.676840e+01	4.416778e+02
2.340000e-06	2.154510e-06	6.690803e-09	1.571078e+01	4.364742e+02
2.350000e-06	2.008762e-06	6.597861e-09	1.464798e+01	4.311091e+02
2.360000e-06	1.862310e-06	6.510804e-09	1.358004e+01	4.255695e+02
2.370000e-06	1.715337e-06	6.427690e-09	1.250831e+01	4.198464e+02
2.380000e-06	1.567972e-06	6.343226e-09	1.143372e+01	4.139348e+02
2.390000e-06	1.420132e-06	6.254716e-09	1.035566e+01	4.078326e+02
2.400000e-06	1.271683e-06	6.155755e-09	9.273170e+00	4.015380e+02
2.410000e-06	1.122599e-06	6.047689e-09	8.186037e+00	3.950466e+02
2.420000e-06	9.729571e-07	5.943817e-09	7.094845e+00	3.883491e+02
2.430000e-06	8.228804e-07	5.846856e-09	6.000480e+00	3.814298e+02
2.440000e-06	6.725078e-07	5.741913e-09	4.903956e+00	3.742666e+02
2.450000e-06	5.219215e-07	5.620876e-09	3.805874e+00	3.668329e+02
2.460000e-06	3.711623e-07	5.497468e-09	2.706532e+00	3.591000e+02
2.470000e-06	2.203563e-07	5.378937e-09	1.606848e+00	3.510400e+02
2.480000e-06	6.951458e-08	5.257621e-09	5.069033e-01	3.426282e+02
2.490000e-06	-8.138737e-08	5.128018e-09	-5.934802e-01	3.338443e+02
2.500000e-06	-2.322477e-07	4.987246e-09	-1.693561e+00	3.246725e+02
2.510000e-06	-3.830047e-07	4.836241e-09	-2.792887e+00	3.151004e+02
2.520000e-06	-5.336707e-07	4.681664e-09	-3.891550e+00	3.051175e+02
2.530000e-06	-6.841777e-07	4.527164e-09	-4.989053e+00	2.947132e+02
2.540000e-06	-8.344358e-07	4.365778e-09	-6.084742e+00	2.838757e+02
2.550000e-06	-9.843655e-07	4.190090e-09	-7.178036e+00	2.725902e+02
2.560000e-06	-1.133819e-06	4.004661e-09	-8.267859e+00	2.608376e+02
2.570000e-06	-1.282615e-06	3.818308e-09	-9.352886e+00	2.485919e+02
2.580000e-06	-1.430713e-06	3.629765e-09	-1.043282e+01	2.358163e+02
2.590000e-06	-1.578263e-06	3.429445e-09	-1.150876e+01	2.224574e+02
2.600000e-06	-1.725373e-06	3.212509e-09	-1.258149e+01	2.084384e+02
2.610000e-06	-1.872014e-06	2.980704e-09	-1.365081e+01	1.936520e+02
2.620000e-06	-2.018064e-06	2.739136e-09	-1.471581e+01	1.779552e+02
2.630000e-06	-2.163397e-06	2.485593e-09	-1.577559e+01	1.611691e+02
2.640000e-06	-2.307882e-06	2.211833e-09	-1.682918e+01	1.430849e+02
2.650000e-06	-2.451486e-06	1.909532e-09	-1.787634e+01	1.234779e+02
2.660000e-06	-2.594315e-06	1.577487e-09	-1.891786e+01	1.021294e+02
2.670000e-06	-2.736231e-06	1.221448e-09	-1.995272e+01	7.885577e+01
2.680000e-06	-2.876874e-06	8.409959e-10	-2.097829e+01	5.353932e+01
2.690000e-06	-3.016264e-06	4.307570e-10	-2.199473e+01	2.615808e+01
2.700000e-06	-3.154553e-06	-1.536608e-11	-2.300314e+01	-3.191474e+00
2.710000e-06	-3.291714e-06	-4.944388e-10	-2.400332e+01	-3.428319e+01
2.720000e-06	-3.427713e-06	-9.933091e-10	-2.499504e+01	-6.676460e+01
2.730000e-06	-3.562608e-06	-1.500953e-09	-2.597869e+01	-1.001758e+02
2.740000e-06	-3.696202e-06	-2.015620e-09	-2.695286e+01	-1.339819e+02
2.750000e-06	-3.828256e-06	-2.534929e-09	-2.791581e+01	-1.676160e+02
2.760000e-06	-3.958941e-06	-3.047247e-09	-2.886877e+01	-2.005248e+02
2.770000e-06	-4.088332e-06	-3.534569e-09	-2.981229e+01	-2.322125e+02
2.780000e-06	-4.216332e-06	-3.989974e-09	-3.074568e+01	-2.622765e+02
2.790000e-06	-4.342945e-06	-4.416203e-09	-3.166894e+01	-2.904286e+02
2.800000e-06	-4.467947e-06	-4.814297e-09	-3.258046e+01	-3.165028e+02
2.810000e-06	-4.591218e-06	-5.184934e-09	-3.347936e+01	-3.404469e+02
2.820000e-06	-4.712988e-06	-5.523343e-09	-3.436731e+01	-3.623036e+02
2.830000e-06	-4.833114e-06	-5.828847e-09	-3.524328e+01	-3.821835e+02
2.840000e-06	-4.951303e-06	-6.104326e-09	-3.610512e+01	-4.002366e+02
2.850000e-06	-5.067417e-06	-6.357811e-09	-3.695182e+01	-4.166259e+02
2.860000e-06	-5.181465e-06	-6.591958e-09	-3.778347e+01	-4.315082e+02
2.870000e-06	-5.293426e-06	-6.801869e-09	-3.859989e+01	-4.450228e+02
2.880000e-06	-5.403332e-06	-6.987974e-09	-3.940133e+01	-4.572878e+02
2.890000e-06	-5.511350e-06	-7.154593e-09	-4.018900e+01	-4.684032e+02
2.900000e-06	-5.617578e-06	-7.307561e-09	-4.096362e+01	-4.784581e+02
2.910000e-06	-5.721906e-06	-7.448484e-09	-4.172439e+01	-4.875376e+02
2.920000e-06	-5.824112e-06	-7.576117e-09	-4.246968e+01	-4.957288e+02
2.930000e-06	-5.924092e-06	-7.690618e-09	-4.319874e+01	-5.031233e+02
2.940000e-06	-6.021997e-06	-7.791733e-09	-4.391266e+01	-5.098161e+02
2.950000e-06	-6.117928e-06	-7.884993e-09	-4.461220e+01	-5.159016e+02
2.960000e-06	-6.211645e-06	-7.971356e-09	-4.529559e+01	-5.214683e+02
2.970000e-06	-6.303066e-06	-8.051160e-09	-4.596224e+01	-5.265935e+02
2.980000e-06	-6.392336e-06	-8.125491e-09	-4.661319e+01	-5.313396e+02
2.990000e-06	-6.479369e-06	-8.193514e-09	-4.724784e+01	-5.357532e+02
3.000000e-06	-6.563981e-06	-8.258484e-09	-4.786483e+01	-5.398661e+02
3.010000e-06	-6.646276e-06	-8.319098e-09	-4.846493e+01	-5.436988e+02
3.020000e-06	-6.726320e-06	-8.376322e-09	-4.904862e+01	-5.472649e+02
3.030000e-06	-6.803841e-06	-8.428495e-09	-4.961390e+01	-5.505756e+02
3.040000e-06	-6.878691e-06	-8.475074e-09	-5.015972e+01	-5.536425e+02
3.050000e-06	-6.951001e-06	-8.521028e-09	-5.068700e+01	-5.564797e+02
3.060000e-06	-7.020772e-06	-8.565773e-09	-5.119577e+01	-5.591037e+02
3.070000e-06	-7.087968e-06	-8.604457e-09	-5.168577e+01	-5.615325e+02
3.080000e-06	-7.152655e-06	-8.636641e-09	-5.215747e+01	-5.637834e+02
3.090000e-06	-7.214837e-06	-8.666354e-09	-5.261091e+01	-5.658720e+02
3.100000e-06	-7.274435e-06	-8.696185e-09	-5.304550e+01	-5.678102e+02
3.110000e-06	-7.331434e-06	-8.724742e-09	-5.346113e+01	-5.696067e+02
3.120000e-06	-7.385730e-06	-8.751576e-09	-5.385706e+01	-5.712672e+02
3.130000e-06	-7.437070e-06	-8.775311e-09	-5.423144e+01	-5.727954e+02
3.140000e-06	-7.485363e-06	-8.796687e-09	-5.458359e+01	-5.741944e+02
3.150000e-06	-7.530864e-06	-8.818675e-09	-5.491539e+01	-5.754677e+02
3.160000e-06	-7.573930e-06	-8.838850e-09	-5.522943e+01	-5.766197e+02
3.170000e-06	-7.614597e-06	-8.854822e-09	-5.552597e+01	-5.776562e+02
3.180000e-06	-7.652605e-06	-8.865695e-09	-5.580313e+01	-5.785837e+02
3.190000e-06	-7.687871e-06	-8.874921e-09	-5.606029e+01	-5.794094e+02
3.200000e-06	-7.720407e-06	-8.886357e-09	-5.629754e+01	-5.801403e+02
3.210000e-06	-7.750090e-06	-8.898197e-09	-5.651399e+01	-5.807832e+02
3.220000e-06	-7.777032e-06	-8.907162e-09	-5.671045e+01	-5.813443e+02
3.230000e-06	-7.801355e-06	-8.914312e-09	-5.688782e+01	-5.818294e+02
3.240000e-06	-7.822922e-06	-8.921596e-09	-5.704509e+01	-5.822437e+02
3.250000e-06	-7.841703e-06	-8.927387e-09	-5.718204e+01	-5.825919e+02
3.260000e-06	-7.857670e-06	-8.931825e-09	-5.729847e+01	-5.828780e+02
3.270000e-06	-7.870597e-06	-8.935200e-09	-5.739273e+01	-5.831049e+02
3.280000e-06	-7.880541e-06	-8.936318e-09	-5.746524e+01	-5.832742e+02
3.290000e-06	-7.887711e-06	-8.935579e-09	-5.751753e+01	-5.833861e+02
3.300000e-06	-7.892065e-06	-8.934478e-09	-5.754928e+01	-5.834392e+02
3.310000e-06	-7.893707e-06	-8.932710e-09	-5.756126e+01	-5.834311e+02
