# Temperatura_=_20.0
# Concentracion g/m^3_=_7000.0
# C_Vs_to_Am_M_A/Vsm_=_65563218390.804596
# pendiente_HvsI_1/m_=_3716.3
# ordenada_HvsI_A/m_=_1297.0
# frecuencia_Hz_=_301409.2605926826

Tiempo_(s)	Campo_(V.s)	Magnetizacion_(V.s)	Campo_(kA/m)	Magnetizacion_(A/m)
0.000000e+00	-8.119588e-06	-8.553084e-09	-5.767514e+01	-5.596854e+02
1.000000e-08	-8.116551e-06	-8.551021e-09	-5.765356e+01	-5.595413e+02
2.000000e-08	-8.110890e-06	-8.543367e-09	-5.761335e+01	-5.593549e+02
3.000000e-08	-8.102569e-06	-8.542358e-09	-5.755425e+01	-5.591436e+02
4.000000e-08	-8.091336e-06	-8.544048e-09	-5.747445e+01	-5.589234e+02
5.000000e-08	-8.077148e-06	-8.541640e-09	-5.737368e+01	-5.587056e+02
6.000000e-08	-8.060141e-06	-8.529639e-09	-5.725287e+01	-5.584940e+02
7.000000e-08	-8.040643e-06	-8.503853e-09	-5.711437e+01	-5.582849e+02
8.000000e-08	-8.018591e-06	-8.535466e-09	-5.695773e+01	-5.580680e+02
9.000000e-08	-7.993463e-06	-8.586219e-09	-5.677925e+01	-5.578277e+02
1.000000e-07	-7.965132e-06	-8.559395e-09	-5.657801e+01	-5.575464e+02
1.100000e-07	-7.933862e-06	-8.523808e-09	-5.635588e+01	-5.572064e+02
1.200000e-07	-7.899709e-06	-8.524064e-09	-5.611329e+01	-5.567929e+02
1.300000e-07	-7.862923e-06	-8.526898e-09	-5.585199e+01	-5.562954e+02
1.400000e-07	-7.824025e-06	-8.465679e-09	-5.557569e+01	-5.557099e+02
1.500000e-07	-7.782764e-06	-8.503979e-09	-5.528261e+01	-5.550396e+02
1.600000e-07	-7.738629e-06	-8.492066e-09	-5.496910e+01	-5.542953e+02
1.700000e-07	-7.691768e-06	-8.358818e-09	-5.463624e+01	-5.534947e+02
1.800000e-07	-7.641995e-06	-8.441345e-09	-5.428269e+01	-5.526608e+02
1.900000e-07	-7.589123e-06	-8.409802e-09	-5.390713e+01	-5.518193e+02
2.000000e-07	-7.533395e-06	-8.359924e-09	-5.351128e+01	-5.509947e+02
2.100000e-07	-7.474887e-06	-8.362066e-09	-5.309569e+01	-5.502067e+02
2.200000e-07	-7.413753e-06	-8.322940e-09	-5.266144e+01	-5.494664e+02
2.300000e-07	-7.349939e-06	-8.378396e-09	-5.220815e+01	-5.487745e+02
2.400000e-07	-7.283323e-06	-8.361817e-09	-5.173497e+01	-5.481206e+02
2.500000e-07	-7.214096e-06	-8.351935e-09	-5.124323e+01	-5.474852e+02
2.600000e-07	-7.142255e-06	-8.306465e-09	-5.073294e+01	-5.468433e+02
2.700000e-07	-7.067568e-06	-8.294811e-09	-5.020242e+01	-5.461693e+02
2.800000e-07	-6.990139e-06	-8.306047e-09	-4.965242e+01	-5.454420e+02
2.900000e-07	-6.910036e-06	-8.304821e-09	-4.908343e+01	-5.446481e+02
3.000000e-07	-6.827416e-06	-8.309823e-09	-4.849656e+01	-5.437844e+02
3.100000e-07	-6.742569e-06	-8.223363e-09	-4.789388e+01	-5.428568e+02
3.200000e-07	-6.655501e-06	-8.212529e-09	-4.727542e+01	-5.418773e+02
3.300000e-07	-6.566083e-06	-8.240653e-09	-4.664027e+01	-5.408601e+02
3.400000e-07	-6.474298e-06	-8.241116e-09	-4.598830e+01	-5.398165e+02
3.500000e-07	-6.380276e-06	-8.206212e-09	-4.532044e+01	-5.387521e+02
3.600000e-07	-6.283885e-06	-8.159897e-09	-4.463575e+01	-5.376649e+02
3.700000e-07	-6.185084e-06	-8.138568e-09	-4.393395e+01	-5.365466e+02
3.800000e-07	-6.084082e-06	-8.134305e-09	-4.321651e+01	-5.353857e+02
3.900000e-07	-5.980914e-06	-8.153428e-09	-4.248369e+01	-5.341715e+02
4.000000e-07	-5.875530e-06	-8.131415e-09	-4.173512e+01	-5.328979e+02
4.100000e-07	-5.768037e-06	-8.085761e-09	-4.097158e+01	-5.315661e+02
4.200000e-07	-5.658563e-06	-8.045888e-09	-4.019396e+01	-5.301839e+02
4.300000e-07	-5.547094e-06	-8.054333e-09	-3.940217e+01	-5.287641e+02
4.400000e-07	-5.433438e-06	-8.071059e-09	-3.859485e+01	-5.273201e+02
4.500000e-07	-5.317536e-06	-8.042815e-09	-3.777157e+01	-5.258615e+02
4.600000e-07	-5.199677e-06	-7.980002e-09	-3.693439e+01	-5.243905e+02
4.700000e-07	-5.079995e-06	-7.941213e-09	-3.608427e+01	-5.229007e+02
4.800000e-07	-4.958388e-06	-7.938978e-09	-3.522047e+01	-5.213783e+02
4.900000e-07	-4.834930e-06	-7.933652e-09	-3.434352e+01	-5.198060e+02
5.000000e-07	-4.709780e-06	-7.904915e-09	-3.345456e+01	-5.181677e+02
5.100000e-07	-4.583030e-06	-7.851667e-09	-3.255422e+01	-5.164538e+02
5.200000e-07	-4.454603e-06	-7.805682e-09	-3.164198e+01	-5.146639e+02
5.300000e-07	-4.324490e-06	-7.789308e-09	-3.071776e+01	-5.128075e+02
5.400000e-07	-4.192789e-06	-7.799935e-09	-2.978226e+01	-5.109012e+02
5.500000e-07	-4.059559e-06	-7.780028e-09	-2.883590e+01	-5.089634e+02
5.600000e-07	-3.925006e-06	-7.719380e-09	-2.788014e+01	-5.070084e+02
5.700000e-07	-3.789061e-06	-7.667145e-09	-2.691450e+01	-5.050415e+02
5.800000e-07	-3.651540e-06	-7.657971e-09	-2.593765e+01	-5.030561e+02
5.900000e-07	-3.512580e-06	-7.660058e-09	-2.495059e+01	-5.010347e+02
6.000000e-07	-3.372319e-06	-7.628765e-09	-2.395429e+01	-4.989529e+02
6.100000e-07	-3.230698e-06	-7.570937e-09	-2.294833e+01	-4.967857e+02
6.200000e-07	-3.087689e-06	-7.517147e-09	-2.193250e+01	-4.945145e+02
6.300000e-07	-2.943449e-06	-7.488456e-09	-2.090793e+01	-4.921318e+02
6.400000e-07	-2.798130e-06	-7.473853e-09	-1.987570e+01	-4.896433e+02
6.500000e-07	-2.651878e-06	-7.445627e-09	-1.883685e+01	-4.870655e+02
6.600000e-07	-2.504858e-06	-7.381843e-09	-1.779253e+01	-4.844206e+02
6.700000e-07	-2.357096e-06	-7.316105e-09	-1.674295e+01	-4.817285e+02
6.800000e-07	-2.208522e-06	-7.283741e-09	-1.568760e+01	-4.790003e+02
6.900000e-07	-2.059103e-06	-7.269031e-09	-1.462624e+01	-4.762337e+02
7.000000e-07	-1.909028e-06	-7.231231e-09	-1.356022e+01	-4.734124e+02
7.100000e-07	-1.758476e-06	-7.165647e-09	-1.249082e+01	-4.705101e+02
7.200000e-07	-1.607362e-06	-7.103596e-09	-1.141743e+01	-4.674973e+02
7.300000e-07	-1.455441e-06	-7.059023e-09	-1.033830e+01	-4.643502e+02
7.400000e-07	-1.302710e-06	-7.030899e-09	-9.253421e+00	-4.610565e+02
7.500000e-07	-1.149445e-06	-6.992838e-09	-8.164752e+00	-4.576192e+02
7.600000e-07	-9.958309e-07	-6.926795e-09	-7.073596e+00	-4.540542e+02
7.700000e-07	-8.419439e-07	-6.849096e-09	-5.980504e+00	-4.503838e+02
7.800000e-07	-6.877593e-07	-6.793630e-09	-4.885299e+00	-4.466271e+02
7.900000e-07	-5.332906e-07	-6.758470e-09	-3.788075e+00	-4.427898e+02
8.000000e-07	-3.786432e-07	-6.706732e-09	-2.689582e+00	-4.388583e+02
8.100000e-07	-2.238874e-07	-6.626896e-09	-1.590319e+00	-4.347971e+02
8.200000e-07	-6.905811e-08	-6.539357e-09	-4.905342e-01	-4.305546e+02
8.300000e-07	8.578393e-08	-6.471632e-09	6.093412e-01	-4.260726e+02
8.400000e-07	2.405867e-07	-6.418852e-09	1.708937e+00	-4.212998e+02
8.500000e-07	3.953332e-07	-6.354498e-09	2.808135e+00	-4.162035e+02
8.600000e-07	5.499435e-07	-6.264107e-09	3.906364e+00	-4.107773e+02
8.700000e-07	7.043977e-07	-6.160313e-09	5.003485e+00	-4.050416e+02
8.800000e-07	8.586172e-07	-6.067896e-09	6.098938e+00	-3.990363e+02
8.900000e-07	1.012492e-06	-5.993379e-09	7.191946e+00	-3.928071e+02
9.000000e-07	1.166014e-06	-5.910379e-09	8.282445e+00	-3.863894e+02
9.100000e-07	1.319035e-06	-5.796144e-09	9.369383e+00	-3.797935e+02
9.200000e-07	1.471409e-06	-5.671121e-09	1.045173e+01	-3.729954e+02
9.300000e-07	1.623123e-06	-5.561963e-09	1.152939e+01	-3.659359e+02
9.400000e-07	1.774197e-06	-5.467378e-09	1.260249e+01	-3.585280e+02
9.500000e-07	1.924616e-06	-5.361450e-09	1.367095e+01	-3.506694e+02
9.600000e-07	2.074359e-06	-5.225615e-09	1.473461e+01	-3.422560e+02
9.700000e-07	2.223428e-06	-5.070274e-09	1.579348e+01	-3.331905e+02
9.800000e-07	2.371727e-06	-4.916695e-09	1.684687e+01	-3.233812e+02
9.900000e-07	2.519186e-06	-4.768482e-09	1.789431e+01	-3.127306e+02
1.000000e-06	2.665834e-06	-4.603677e-09	1.893597e+01	-3.011123e+02
1.010000e-06	2.811613e-06	-4.401902e-09	1.997148e+01	-2.883450e+02
1.020000e-06	2.956366e-06	-4.167573e-09	2.099969e+01	-2.741682e+02
1.030000e-06	3.099943e-06	-3.917954e-09	2.201955e+01	-2.582311e+02
1.040000e-06	3.242349e-06	-3.651214e-09	2.303108e+01	-2.401008e+02
1.050000e-06	3.383550e-06	-3.342032e-09	2.403406e+01	-2.192955e+02
1.060000e-06	3.523445e-06	-2.969852e-09	2.502777e+01	-1.953391e+02
1.070000e-06	3.662055e-06	-2.536074e-09	2.601234e+01	-1.678341e+02
1.080000e-06	3.799251e-06	-2.055301e-09	2.698688e+01	-1.365379e+02
1.090000e-06	3.934888e-06	-1.530104e-09	2.795033e+01	-1.014311e+02
1.100000e-06	4.069101e-06	-9.493743e-10	2.890368e+01	-6.276302e+01
1.110000e-06	4.201939e-06	-3.066923e-10	2.984725e+01	-2.106302e+01
1.120000e-06	4.333283e-06	3.795011e-10	3.078022e+01	2.288559e+01
1.130000e-06	4.463136e-06	1.077541e-09	3.170259e+01	6.810864e+01
1.140000e-06	4.591380e-06	1.762545e-09	3.261354e+01	1.135315e+02
1.150000e-06	4.717992e-06	2.428760e-09	3.351289e+01	1.580828e+02
1.160000e-06	4.843025e-06	3.076641e-09	3.440102e+01	2.007957e+02
1.170000e-06	4.966381e-06	3.691640e-09	3.527725e+01	2.408895e+02
1.180000e-06	5.087903e-06	4.254126e-09	3.614044e+01	2.778224e+02
1.190000e-06	5.207470e-06	4.752388e-09	3.698975e+01	3.113069e+02
1.200000e-06	5.325122e-06	5.196026e-09	3.782545e+01	3.412910e+02
1.210000e-06	5.440830e-06	5.598949e-09	3.864736e+01	3.679121e+02
1.220000e-06	5.554463e-06	5.965140e-09	3.945451e+01	3.914342e+02
1.230000e-06	5.665973e-06	6.285151e-09	4.024659e+01	4.121832e+02
1.240000e-06	5.775475e-06	6.556171e-09	4.102441e+01	4.304904e+02
1.250000e-06	5.883020e-06	6.792436e-09	4.178833e+01	4.466534e+02
1.260000e-06	5.988446e-06	7.006447e-09	4.253719e+01	4.609178e+02
1.270000e-06	6.091646e-06	7.200084e-09	4.327024e+01	4.734770e+02
1.280000e-06	6.192724e-06	7.369209e-09	4.398822e+01	4.844862e+02
1.290000e-06	6.291602e-06	7.510915e-09	4.469057e+01	4.940817e+02
1.300000e-06	6.388051e-06	7.629907e-09	4.537567e+01	5.023989e+02
1.310000e-06	6.482161e-06	7.737141e-09	4.604415e+01	5.095835e+02
1.320000e-06	6.574120e-06	7.836720e-09	4.669735e+01	5.157925e+02
1.330000e-06	6.663762e-06	7.922292e-09	4.733410e+01	5.211869e+02
1.340000e-06	6.751032e-06	7.990743e-09	4.795400e+01	5.259192e+02
1.350000e-06	6.836030e-06	8.049787e-09	4.855776e+01	5.301192e+02
1.360000e-06	6.918645e-06	8.106810e-09	4.914459e+01	5.338846e+02
1.370000e-06	6.998778e-06	8.161724e-09	4.971378e+01	5.372771e+02
1.380000e-06	7.076341e-06	8.211247e-09	5.026473e+01	5.403270e+02
1.390000e-06	7.151160e-06	8.248554e-09	5.079619e+01	5.430436e+02
1.400000e-06	7.223284e-06	8.276664e-09	5.130850e+01	5.454284e+02
1.410000e-06	7.292928e-06	8.303946e-09	5.180319e+01	5.474878e+02
1.420000e-06	7.360000e-06	8.333300e-09	5.227962e+01	5.492422e+02
1.430000e-06	7.424357e-06	8.360912e-09	5.273676e+01	5.507283e+02
1.440000e-06	7.486144e-06	8.380368e-09	5.317565e+01	5.519960e+02
1.450000e-06	7.545417e-06	8.395120e-09	5.359668e+01	5.531001e+02
1.460000e-06	7.602017e-06	8.410048e-09	5.399872e+01	5.540908e+02
1.470000e-06	7.655866e-06	8.427515e-09	5.438122e+01	5.550048e+02
1.480000e-06	7.706716e-06	8.444334e-09	5.474242e+01	5.558604e+02
1.490000e-06	7.754411e-06	8.454836e-09	5.508121e+01	5.566575e+02
1.500000e-06	7.799347e-06	8.460504e-09	5.540040e+01	5.573824e+02
1.510000e-06	7.841566e-06	8.467717e-09	5.570029e+01	5.580157e+02
1.520000e-06	7.880901e-06	8.479251e-09	5.597969e+01	5.585407e+02
1.530000e-06	7.917509e-06	8.491233e-09	5.623972e+01	5.589507e+02
1.540000e-06	7.951368e-06	8.497526e-09	5.648023e+01	5.592526e+02
1.550000e-06	7.982462e-06	8.498872e-09	5.670110e+01	5.594664e+02
1.560000e-06	8.010828e-06	8.501153e-09	5.690259e+01	5.596202e+02
1.570000e-06	8.036248e-06	8.505646e-09	5.708316e+01	5.597443e+02
1.580000e-06	8.058771e-06	8.510246e-09	5.724314e+01	5.598639e+02
1.590000e-06	8.078558e-06	8.511377e-09	5.738369e+01	5.599935e+02
1.600000e-06	8.095460e-06	8.510372e-09	5.750375e+01	5.601350e+02
1.610000e-06	8.109388e-06	8.512885e-09	5.760268e+01	5.602780e+02
1.620000e-06	8.120201e-06	8.518583e-09	5.767949e+01	5.604046e+02
1.630000e-06	8.127952e-06	8.525430e-09	5.773454e+01	5.604940e+02
1.640000e-06	8.132920e-06	8.528267e-09	5.776984e+01	5.605289e+02
1.650000e-06	8.135021e-06	8.527901e-09	5.778476e+01	5.604995e+02
1.660000e-06	8.134310e-06	8.524229e-09	5.777971e+01	5.604056e+02
1.670000e-06	8.131009e-06	8.518997e-09	5.775626e+01	5.602561e+02
1.680000e-06	8.124939e-06	8.520994e-09	5.771314e+01	5.600660e+02
1.690000e-06	8.116108e-06	8.519362e-09	5.765041e+01	5.598530e+02
1.700000e-06	8.104551e-06	8.515105e-09	5.756832e+01	5.596325e+02
1.710000e-06	8.090084e-06	8.517149e-09	5.746556e+01	5.594152e+02
1.720000e-06	8.073060e-06	8.530973e-09	5.734463e+01	5.592040e+02
1.730000e-06	8.053730e-06	8.514110e-09	5.720733e+01	5.589946e+02
1.740000e-06	8.031471e-06	8.435789e-09	5.704922e+01	5.587758e+02
1.750000e-06	8.005537e-06	8.443926e-09	5.686501e+01	5.585319e+02
1.760000e-06	7.975918e-06	8.468123e-09	5.665462e+01	5.582450e+02
1.770000e-06	7.943388e-06	8.453232e-09	5.642355e+01	5.578977e+02
1.780000e-06	7.908616e-06	8.464389e-09	5.617656e+01	5.574754e+02
1.790000e-06	7.871652e-06	8.509423e-09	5.591399e+01	5.569685e+02
1.800000e-06	7.832407e-06	8.410348e-09	5.563523e+01	5.563735e+02
1.810000e-06	7.790657e-06	8.434192e-09	5.533867e+01	5.556945e+02
1.820000e-06	7.746282e-06	8.509889e-09	5.502346e+01	5.549431e+02
1.830000e-06	7.699222e-06	8.410975e-09	5.468919e+01	5.541376e+02
1.840000e-06	7.649169e-06	8.482765e-09	5.433365e+01	5.533016e+02
1.850000e-06	7.596086e-06	8.417598e-09	5.395659e+01	5.524606e+02
1.860000e-06	7.539995e-06	8.437977e-09	5.355816e+01	5.516390e+02
1.870000e-06	7.481215e-06	8.482076e-09	5.314064e+01	5.508556e+02
1.880000e-06	7.419925e-06	8.397834e-09	5.270529e+01	5.501205e+02
1.890000e-06	7.355767e-06	8.419116e-09	5.224955e+01	5.494332e+02
1.900000e-06	7.288843e-06	8.331498e-09	5.177418e+01	5.487822e+02
1.910000e-06	7.219174e-06	8.390980e-09	5.127931e+01	5.481473e+02
1.920000e-06	7.146851e-06	8.413055e-09	5.076558e+01	5.475030e+02
1.930000e-06	7.071897e-06	8.376088e-09	5.023316e+01	5.468241e+02
1.940000e-06	6.994011e-06	8.342572e-09	4.967993e+01	5.460900e+02
1.950000e-06	6.913468e-06	8.267113e-09	4.910781e+01	5.452885e+02
1.960000e-06	6.830603e-06	8.365261e-09	4.851921e+01	5.444174e+02
1.970000e-06	6.745342e-06	8.345562e-09	4.791358e+01	5.434834e+02
1.980000e-06	6.657530e-06	8.321919e-09	4.728983e+01	5.424991e+02
1.990000e-06	6.567407e-06	8.263059e-09	4.664967e+01	5.414785e+02
2.000000e-06	6.475061e-06	8.233913e-09	4.599372e+01	5.404325e+02
2.010000e-06	6.380292e-06	8.270514e-09	4.532055e+01	5.393657e+02
2.020000e-06	6.283236e-06	8.276115e-09	4.463115e+01	5.382755e+02
2.030000e-06	6.184079e-06	8.268915e-09	4.392681e+01	5.371531e+02
2.040000e-06	6.082713e-06	8.171507e-09	4.320678e+01	5.359868e+02
2.050000e-06	5.978960e-06	8.141135e-09	4.246980e+01	5.347663e+02
2.060000e-06	5.873106e-06	8.149233e-09	4.171790e+01	5.334862e+02
2.070000e-06	5.765366e-06	8.184574e-09	4.095261e+01	5.321483e+02
2.080000e-06	5.655559e-06	8.139317e-09	4.017262e+01	5.307613e+02
2.090000e-06	5.543596e-06	8.054771e-09	3.937732e+01	5.293382e+02
2.100000e-06	5.429572e-06	8.019432e-09	3.856739e+01	5.278922e+02
2.110000e-06	5.313414e-06	8.042920e-09	3.774229e+01	5.264321e+02
2.120000e-06	5.195061e-06	8.068286e-09	3.690160e+01	5.249594e+02
2.130000e-06	5.074745e-06	8.030051e-09	3.604698e+01	5.234668e+02
2.140000e-06	4.952680e-06	7.967139e-09	3.517992e+01	5.219398e+02
2.150000e-06	4.828948e-06	7.915596e-09	3.430103e+01	5.203610e+02
2.160000e-06	4.703405e-06	7.924759e-09	3.340927e+01	5.187148e+02
2.170000e-06	4.576079e-06	7.946517e-09	3.250485e+01	5.169925e+02
2.180000e-06	4.447184e-06	7.923104e-09	3.158928e+01	5.151947e+02
2.190000e-06	4.316845e-06	7.834685e-09	3.066346e+01	5.133320e+02
2.200000e-06	4.184916e-06	7.774682e-09	2.972634e+01	5.114213e+02
2.210000e-06	4.051325e-06	7.783015e-09	2.877741e+01	5.094809e+02
2.220000e-06	3.916300e-06	7.803558e-09	2.781830e+01	5.075245e+02
2.230000e-06	3.779965e-06	7.761273e-09	2.684988e+01	5.055560e+02
2.240000e-06	3.642290e-06	7.678081e-09	2.587195e+01	5.035677e+02
2.250000e-06	3.503247e-06	7.622125e-09	2.488430e+01	5.015409e+02
2.260000e-06	3.362794e-06	7.614799e-09	2.388663e+01	4.994509e+02
2.270000e-06	3.220956e-06	7.622458e-09	2.287913e+01	4.972733e+02
2.280000e-06	3.077949e-06	7.592229e-09	2.186332e+01	4.949901e+02
2.290000e-06	2.933873e-06	7.515462e-09	2.083991e+01	4.925955e+02
2.300000e-06	2.788660e-06	7.444354e-09	1.980844e+01	4.900963e+02
2.310000e-06	2.642474e-06	7.434738e-09	1.877005e+01	4.875101e+02
2.320000e-06	2.495563e-06	7.447507e-09	1.772651e+01	4.848591e+02
2.330000e-06	2.347741e-06	7.411199e-09	1.667650e+01	4.821627e+02
2.340000e-06	2.198947e-06	7.323270e-09	1.561958e+01	4.794307e+02
2.350000e-06	2.049317e-06	7.251635e-09	1.455673e+01	4.766591e+02
2.360000e-06	1.898981e-06	7.229404e-09	1.348886e+01	4.738304e+02
2.370000e-06	1.748040e-06	7.220863e-09	1.241669e+01	4.709175e+02
2.380000e-06	1.596551e-06	7.178877e-09	1.134064e+01	4.678912e+02
2.390000e-06	1.444560e-06	7.096057e-09	1.026101e+01	4.647286e+02
2.400000e-06	1.292002e-06	7.013502e-09	9.177363e+00	4.614190e+02
2.410000e-06	1.138891e-06	6.975668e-09	8.089779e+00	4.579669e+02
2.420000e-06	9.852848e-07	6.965169e-09	6.998684e+00	4.543894e+02
2.430000e-06	8.313714e-07	6.922418e-09	5.905405e+00	4.507089e+02
2.440000e-06	6.772916e-07	6.830128e-09	4.810944e+00	4.469434e+02
2.450000e-06	5.230408e-07	6.740056e-09	3.715268e+00	4.430970e+02
2.460000e-06	3.686347e-07	6.694521e-09	2.618489e+00	4.391535e+02
2.470000e-06	2.140880e-07	6.668175e-09	1.520712e+00	4.350754e+02
2.480000e-06	5.950740e-08	6.612442e-09	4.226936e-01	4.308099e+02
2.490000e-06	-9.499185e-08	6.515870e-09	-6.747470e-01	4.262989e+02
2.500000e-06	-2.494130e-07	6.414333e-09	-1.771633e+00	4.214925e+02
2.510000e-06	-4.038350e-07	6.344482e-09	-2.868525e+00	4.163605e+02
2.520000e-06	-5.582317e-07	6.295521e-09	-3.965237e+00	4.108996e+02
2.530000e-06	-7.123792e-07	6.223701e-09	-5.060178e+00	4.051327e+02
2.540000e-06	-8.662360e-07	6.109698e-09	-6.153056e+00	3.991011e+02
2.550000e-06	-1.019819e-06	5.985600e-09	-7.243990e+00	3.928503e+02
2.560000e-06	-1.173022e-06	5.891727e-09	-8.332218e+00	3.864135e+02
2.570000e-06	-1.325768e-06	5.817176e-09	-9.417207e+00	3.797975e+02
2.580000e-06	-1.477966e-06	5.723097e-09	-1.049830e+01	3.729747e+02
2.590000e-06	-1.629604e-06	5.592134e-09	-1.157542e+01	3.658823e+02
2.600000e-06	-1.780707e-06	5.449692e-09	-1.264874e+01	3.584310e+02
2.610000e-06	-1.931308e-06	5.332505e-09	-1.371848e+01	3.505178e+02
2.620000e-06	-2.081265e-06	5.234158e-09	-1.478366e+01	3.420389e+02
2.630000e-06	-2.230335e-06	5.116786e-09	-1.584254e+01	3.328979e+02
2.640000e-06	-2.378494e-06	4.953160e-09	-1.689494e+01	3.230033e+02
2.650000e-06	-2.525787e-06	4.766368e-09	-1.794119e+01	3.122557e+02
2.660000e-06	-2.672235e-06	4.590365e-09	-1.898144e+01	3.005241e+02
2.670000e-06	-2.817805e-06	4.415226e-09	-2.001546e+01	2.876197e+02
2.680000e-06	-2.962367e-06	4.205835e-09	-2.104231e+01	2.732725e+02
2.690000e-06	-3.105844e-06	3.942151e-09	-2.206146e+01	2.571222e+02
2.700000e-06	-3.248198e-06	3.640973e-09	-2.307263e+01	2.387287e+02
2.710000e-06	-3.389268e-06	3.322461e-09	-2.407468e+01	2.176076e+02
2.720000e-06	-3.528914e-06	2.978044e-09	-2.506661e+01	1.932879e+02
2.730000e-06	-3.667190e-06	2.574501e-09	-2.604882e+01	1.653847e+02
2.740000e-06	-3.804140e-06	2.085451e-09	-2.702160e+01	1.336765e+02
2.750000e-06	-3.939731e-06	1.525418e-09	-2.798474e+01	9.817119e+01
2.760000e-06	-4.073929e-06	9.286958e-10	-2.893797e+01	5.914794e+01
2.770000e-06	-4.206544e-06	3.058023e-10	-2.987996e+01	1.716542e+01
2.780000e-06	-4.337585e-06	-3.572040e-10	-3.081077e+01	-2.696906e+01
2.790000e-06	-4.467246e-06	-1.060095e-09	-3.173178e+01	-7.226587e+01
2.800000e-06	-4.595432e-06	-1.771545e-09	-3.264232e+01	-1.176457e+02
2.810000e-06	-4.722013e-06	-2.452118e-09	-3.354145e+01	-1.620437e+02
2.820000e-06	-4.846869e-06	-3.084717e-09	-3.442832e+01	-2.045095e+02
2.830000e-06	-4.969955e-06	-3.680858e-09	-3.530263e+01	-2.442862e+02
2.840000e-06	-5.091369e-06	-4.250389e-09	-3.616506e+01	-2.808591e+02
2.850000e-06	-5.210985e-06	-4.777964e-09	-3.701472e+01	-3.139673e+02
2.860000e-06	-5.328422e-06	-5.238554e-09	-3.784890e+01	-3.435819e+02
2.870000e-06	-5.443646e-06	-5.632226e-09	-3.866736e+01	-3.698568e+02
2.880000e-06	-5.556735e-06	-5.981685e-09	-3.947065e+01	-3.930658e+02
2.890000e-06	-5.667612e-06	-6.304022e-09	-4.025824e+01	-4.135378e+02
2.900000e-06	-5.776456e-06	-6.597705e-09	-4.103138e+01	-4.316020e+02
2.910000e-06	-5.883437e-06	-6.848039e-09	-4.179129e+01	-4.475510e+02
2.920000e-06	-5.988457e-06	-7.054906e-09	-4.253727e+01	-4.616243e+02
2.930000e-06	-6.091278e-06	-7.235046e-09	-4.326763e+01	-4.740107e+02
2.940000e-06	-6.191798e-06	-7.404516e-09	-4.398164e+01	-4.848621e+02
2.950000e-06	-6.290140e-06	-7.562304e-09	-4.468018e+01	-4.943142e+02
2.960000e-06	-6.386372e-06	-7.692170e-09	-4.536374e+01	-5.025030e+02
2.970000e-06	-6.480309e-06	-7.791502e-09	-4.603099e+01	-5.095756e+02
2.980000e-06	-6.571944e-06	-7.876716e-09	-4.668190e+01	-5.156897e+02
2.990000e-06	-6.661408e-06	-7.962286e-09	-4.731738e+01	-5.210063e+02
3.000000e-06	-6.748563e-06	-8.045631e-09	-4.793646e+01	-5.256759e+02
3.010000e-06	-6.833165e-06	-8.115303e-09	-4.853740e+01	-5.298255e+02
3.020000e-06	-6.915330e-06	-8.167762e-09	-4.912104e+01	-5.335487e+02
3.030000e-06	-6.995117e-06	-8.211847e-09	-4.968778e+01	-5.369037e+02
3.040000e-06	-7.072187e-06	-8.258997e-09	-5.023523e+01	-5.399178e+02
3.050000e-06	-7.146546e-06	-8.308811e-09	-5.076342e+01	-5.425989e+02
3.060000e-06	-7.218379e-06	-8.350656e-09	-5.127366e+01	-5.449484e+02
3.070000e-06	-7.287574e-06	-8.376789e-09	-5.176517e+01	-5.469740e+02
3.080000e-06	-7.354143e-06	-8.394290e-09	-5.223802e+01	-5.486978e+02
3.090000e-06	-7.418173e-06	-8.416431e-09	-5.269284e+01	-5.501581e+02
3.100000e-06	-7.479533e-06	-8.445932e-09	-5.312869e+01	-5.514057e+02
3.110000e-06	-7.538203e-06	-8.468494e-09	-5.354544e+01	-5.524956e+02
3.120000e-06	-7.594177e-06	-8.478748e-09	-5.394303e+01	-5.534767e+02
3.130000e-06	-7.647237e-06	-8.485308e-09	-5.431993e+01	-5.543840e+02
3.140000e-06	-7.697194e-06	-8.496863e-09	-5.467478e+01	-5.552338e+02
3.150000e-06	-7.744097e-06	-8.513516e-09	-5.500794e+01	-5.560241e+02
3.160000e-06	-7.788378e-06	-8.526824e-09	-5.532248e+01	-5.567403e+02
3.170000e-06	-7.830222e-06	-8.532658e-09	-5.561971e+01	-5.573627e+02
3.180000e-06	-7.869414e-06	-8.533233e-09	-5.589810e+01	-5.578756e+02
3.190000e-06	-7.905856e-06	-8.537383e-09	-5.615695e+01	-5.582736e+02
3.200000e-06	-7.939561e-06	-8.545622e-09	-5.639636e+01	-5.585651e+02
3.210000e-06	-7.970386e-06	-8.554520e-09	-5.661532e+01	-5.587711e+02
3.220000e-06	-7.998261e-06	-8.555577e-09	-5.681332e+01	-5.589204e+02
3.230000e-06	-8.023396e-06	-8.551003e-09	-5.699186e+01	-5.590431e+02
3.240000e-06	-8.045759e-06	-8.551428e-09	-5.715071e+01	-5.591634e+02
3.250000e-06	-8.065295e-06	-8.558147e-09	-5.728948e+01	-5.592946e+02
3.260000e-06	-8.081963e-06	-8.562855e-09	-5.740788e+01	-5.594370e+02
3.270000e-06	-8.095504e-06	-8.559895e-09	-5.750406e+01	-5.595794e+02
3.280000e-06	-8.105967e-06	-8.552983e-09	-5.757839e+01	-5.597030e+02
3.290000e-06	-8.113543e-06	-8.548050e-09	-5.763220e+01	-5.597875e+02
3.300000e-06	-8.118226e-06	-8.548271e-09	-5.766546e+01	-5.598159e+02
3.310000e-06	-8.120126e-06	-8.550448e-09	-5.767896e+01	-5.597796e+02
